{"full_convex_hulls":{"averages":[[0.0,-0.00004071943304780016,0.003965493698967286,0.2537143870639195,0.44299553044989265,0.4527219677094114,0.47516770761144644],[-0.00004071943304780016,0.0,0.0001500796437263463,0.22745174723995415,0.41552288435390705,0.42468025240434926,0.4476532817960128],[0.003965493698967286,0.0001500796437263463,0.0,4.873871803319496e-8,0.21164929328998972,0.21969002374949456,0.23986599048450985],[0.2537143870639195,0.22745174723995415,4.873871803319496e-8,0.0,-0.0014110375622733314,0.006215423204591218,0.04115162097400727],[0.44299553044989265,0.41552288435390705,0.21164929328998972,-0.0014110375622733314,0.0,0.0016500391066074367,0.013895911925609161],[0.4527219677094114,0.42468025240434926,0.21969002374949456,0.006215423204591218,0.0016500391066074367,0.0,-0.0001749992370605472],[0.47516770761144644,0.4476532817960128,0.23986599048450985,0.04115162097400727,0.013895911925609161,-0.0001749992370605472,0.0]],"maximums":[[0.0,-0.000040697903969535694,0.013108750219839187,0.43196654430431486,0.8378966645961679,0.905633525529737,0.9368337192373083],[-0.000040697903969535694,0.0,0.00015007964372656946,0.3088494799375748,0.712294356302882,0.8002106403158129,0.8256879027396908],[0.013108750219839187,0.00015007964372656946,0.0,4.873871831123644e-8,0.2953694852768526,0.38221568177808185,0.40761101206922995],[0.43196654430431486,0.3088494799375748,4.873871831123644e-8,0.0,-0.0014098477946103234,0.014302769296411232,0.09490430075471389],[0.8378966645961679,0.712294356302882,0.2953694852768526,-0.0014098477946103234,0.0,0.0016500391066074926,0.013949132237905896],[0.905633525529737,0.8002106403158129,0.38221568177808185,0.014302769296411232,0.0016500391066074926,0.0,-0.00017499923706043585],[0.9368337192373083,0.8256879027396908,0.40761101206922995,0.09490430075471389,0.013949132237905896,-0.00017499923706043585,0.0]],"minimums":[[0.0,-0.000040721813201909096,-0.03945884509705677,-0.09640303580904816,-0.030831237905636487,-0.04006319817570454,-0.039966823176709125],[-0.000040721813201909096,0.0,0.0001500796437261115,-0.0736175885882781,-0.006849938577413617,-0.02495033333850732,-0.04851347814638983],[-0.03945884509705677,0.0001500796437261115,0.0,4.873871772836935e-8,-0.07785366444587728,-0.09817804369955978,-0.08068934688642915],[-0.09640303580904816,-0.0736175885882781,4.873871772836935e-8,0.0,-0.0014117804436004026,-0.02054145183840559,-0.04467302435414299],[-0.030831237905636487,-0.006849938577413617,-0.07785366444587728,-0.0014117804436004026,0.0,0.0016500391066073608,0.013843563774698643],[-0.04006319817570454,-0.02495033333850732,-0.09817804369955978,-0.02054145183840559,0.0016500391066073608,0.0,-0.00017499923706063014],[-0.039966823176709125,-0.04851347814638983,-0.08068934688642915,-0.04467302435414299,0.013843563774698643,-0.00017499923706063014,0.0]]},"full_obbs":{"averages":[[0.0,-0.000040721813201902117,-0.01479277104878353,0.2172629997105784,0.41652108698157386,0.4186917151328078,0.4389127844700061],[-0.000040721813201902117,0.0,0.0001500796437263468,0.2044952548302323,0.3967583839128522,0.3964042636182298,0.41748255984066523],[-0.01479277104878353,0.0001500796437263468,0.0,4.873871803483254e-8,0.19746545203092006,0.19408422542057735,0.2139933126976687],[0.2172629997105784,0.2044952548302323,4.873871803483254e-8,0.0,-0.006999969482421875,-0.013189416010723402,0.0195920818328707],[0.41652108698157386,0.3967583839128522,0.19746545203092006,-0.006999969482421875,0.0,0.0016500391066074387,0.003352355091760567],[0.4186917151328078,0.3964042636182298,0.19408422542057735,-0.013189416010723402,0.0016500391066074387,0.0,-0.0001749992370605462],[0.4389127844700061,0.41748255984066523,0.2139933126976687,0.0195920818328707,0.003352355091760567,-0.0001749992370605462,0.0]],"maximums":[[0.0,-0.00004072181320189869,0.005615421254891836,0.43162686238882786,0.8319826246570938,0.9208742526123713,0.9241227123427517],[-0.00004072181320189869,0.0,0.00015007964372656946,0.306463794935978,0.7077201647143564,0.7879291761617594,0.8116496474194841],[0.005615421254891836,0.00015007964372656946,0.0,4.8738718283480864e-8,0.2934693239788464,0.3799777729938262,0.39438974326274384],[0.43162686238882786,0.306463794935978,4.8738718283480864e-8,0.0,-0.00699996948242157,0.010185425121515577,0.08631088621200583],[0.8319826246570938,0.7077201647143564,0.2934693239788464,-0.00699996948242157,0.0,0.0016500391066076939,0.012546449673625459],[0.9208742526123713,0.7879291761617594,0.3799777729938262,0.010185425121515577,0.0016500391066076939,0.0,-0.00017499923706035259],[0.9241227123427517,0.8116496474194841,0.39438974326274384,0.08631088621200583,0.012546449673625459,-0.00017499923706035259,0.0]],"minimums":[[0.0,-0.00004072181320190563,-0.06157089387308834,-0.12349359746096522,-0.06176599036653238,-0.05939548152478778,-0.0644613841895845],[-0.00004072181320190563,0.0,0.00015007964372615312,-0.09630118445692497,-0.0068499385774137556,-0.03039494489687744,-0.055575567183831324],[-0.06157089387308834,0.00015007964372615312,0.0,4.873871775612493e-8,-0.07785366444587713,-0.10756895529237004,-0.08995697945933806],[-0.12349359746096522,-0.09630118445692497,4.873871775612493e-8,0.0,-0.0069999694824221595,-0.03058956795809877,-0.06019700369580061],[-0.06176599036653238,-0.0068499385774137556,-0.07785366444587713,-0.0069999694824221595,0.0,0.0016500391066071873,-0.009900648159874355],[-0.05939548152478778,-0.03039494489687744,-0.10756895529237004,-0.03058956795809877,0.0016500391066071873,0.0,-0.0001749992370607134],[-0.0644613841895845,-0.055575567183831324,-0.08995697945933806,-0.06019700369580061,-0.009900648159874355,-0.0001749992370607134,0.0]]},"full_bounding_spheres":{"averages":[[0.0,-0.11136701962949806,-0.10892109313416419,0.07190444614287822,0.33466504288404236,0.33909562285359923,0.3925985976696534],[-0.11136701962949806,0.0,-0.13528943292417872,0.04063883885900073,0.3039296538830975,0.3087227851800232,0.3619627939491894],[-0.10892109313416419,-0.13528943292417872,0.0,-0.23314878454897878,0.030932289820756985,0.037143331463972536,0.08959640787398572],[0.07190444614287822,0.04063883885900073,-0.23314878454897878,0.0,-0.14766226278422953,-0.13768278834949943,-0.08162838796483085],[0.33466504288404236,0.3039296538830975,0.030932289820756985,-0.14766226278422953,0.0,-0.05261763942404959,0.006336765206088852],[0.33909562285359923,0.3087227851800232,0.037143331463972536,-0.13768278834949943,-0.05261763942404959,0.0,-0.036485691929893656],[0.3925985976696534,0.3619627939491894,0.08959640787398572,-0.08162838796483085,0.006336765206088852,-0.036485691929893656,0.0]],"maximums":[[0.0,-0.11085642804928603,-0.05087767158625173,0.32977308076583584,0.7336022065309883,0.7962259531529048,0.8474399330814423],[-0.11085642804928603,0.0,-0.10180144733494273,0.2699752838476097,0.6803767973281247,0.7346363100163582,0.7936333932203985],[-0.05087767158625173,-0.10180144733494273,0.0,-0.10863437918483249,0.2595659506498079,0.3211747211208924,0.378284188868372],[0.32977308076583584,0.2699752838476097,-0.10863437918483249,0.0,-0.11189751654874924,-0.046180872015165075,0.01862851756063094],[0.7336022065309883,0.6803767973281247,0.2595659506498079,-0.11189751654874924,0.0,-0.051778590251710915,0.01289111072157284],[0.7962259531529048,0.7346363100163582,0.3211747211208924,-0.046180872015165075,-0.051778590251710915,0.0,-0.03635516935856187],[0.8474399330814423,0.7936333932203985,0.378284188868372,0.01862851756063094,0.01289111072157284,-0.03635516935856187,0.0]],"minimums":[[0.0,-0.11184779128677466,-0.1744247344124993,-0.23213368112058402,-0.09806166942668648,-0.13252155771482693,-0.1036732229516765],[-0.11184779128677466,0.0,-0.17083514807689376,-0.22934121813893973,-0.11077091218378739,-0.14850044104468077,-0.1117242290279012],[-0.1744247344124993,-0.17083514807689376,0.0,-0.3777934948238215,-0.24065084301554476,-0.30307951210237966,-0.2559645270216021],[-0.23213368112058402,-0.22934121813893973,-0.3777934948238215,0.0,-0.18851505656296474,-0.25785982547610053,-0.21988680702476293],[-0.09806166942668648,-0.11077091218378739,-0.24065084301554476,-0.18851505656296474,0.0,-0.05347712928101234,-0.0008373548234995309],[-0.13252155771482693,-0.14850044104468077,-0.30307951210237966,-0.25785982547610053,-0.05347712928101234,0.0,-0.03660620804955013],[-0.1036732229516765,-0.1117242290279012,-0.2559645270216021,-0.21988680702476293,-0.0008373548234995309,-0.03660620804955013,0.0]]},"decomposition_convex_hulls":{"averages":[[0.0,0.0,0.0,0.05993226870579906,0.017704294592641823,0.027734526129798345,0.03552801498076263,0.017827217397280826,0.057770459106580366,0.07113083021869707,0.08083067852959583,0.10789388780703982,0.10640040390999919,0.13691058055353875,0.23470067803022,0.11655058236532793,0.34884922778434513,0.0950946804789575,0.07983870052657563,0.36631769964642963,0.37028787647342043,0.3923739745640351,0.4714146225943135,0.4022064595081946,0.40842822424754904,0.36200644462408316,0.4066534657111995,0.3890218416128978,0.4002604063522825,0.49136427076479244,0.5056515529528102,0.4985731024787648,0.5096112323334296,0.5055286870965529,0.5039965063836038,0.5130092962634685,0.5131482217610465,0.5051730951188911,0.5128781440216669,0.5199552430496068,0.5136037533522579,0.5152330875509388,0.5376260401673263,0.5474889363965884,0.5165818468694454,0.5174674167621972,0.529267325423493,0.5316263467115221,0.5345918710321579,0.528033863327107],[0.0,0.0,0.0,0.03492681868374348,0.0,0.034926820546388626,0.03492682054638863,-0.0018419946674108607,0.00755421879639834,0.021858276602620328,0.07031926027128134,0.09154749595035769,0.09154315971398266,0.09306711934248771,0.19581071684212123,0.07241813956581153,0.3131695815436362,0.05000126947259261,0.03158483936671803,0.33058281113343246,0.3343576347971749,0.35846399476276736,0.43747649402965716,0.3678955595780917,0.3741283480744489,0.327843034799956,0.3722779143514344,0.3551611662181969,0.3664434583818569,0.45620734506642535,0.4701229768264668,0.46358407992596684,0.47473970882256494,0.4703992804114422,0.4689502786718535,0.4782155469818928,0.4782745849951891,0.47024515925627736,0.4779697510362373,0.4851731214999534,0.4787838220891905,0.4803333017057031,0.5027803279056955,0.5129262036369218,0.4816874355636221,0.4825349428236094,0.49432556164231456,0.4967065891913191,0.49968536731681906,0.49306788193733553],[0.0,0.0,0.0,0.05821136385202408,0.023284545168280605,0.0,0.0,-0.001841994667410861,0.005295390953823353,0.018873954799141328,0.07031926027128134,0.09154359211902696,0.09154315971398266,0.08977899550338087,0.19346932940054845,0.06914613931607821,0.3111580809990845,0.04679210426362084,0.028336691439071214,0.3285435300609515,0.332244639389867,0.3566996118287835,0.4356064405021365,0.36605600574901204,0.37224892753483263,0.326096721035879,0.3705313638954204,0.35335349495952867,0.3646128318478042,0.45372843843778937,0.4676590660796273,0.46101018679172107,0.47215357924830154,0.4679427188647598,0.4664413845442768,0.4756257433905962,0.4757654967281973,0.4676318790352149,0.4753933049238989,0.48264467343856,0.4762463579970195,0.47775244445805864,0.5002464290708944,0.5102827815582078,0.4791171974675303,0.4799912733714269,0.4918223195801703,0.49414678173644444,0.4971715744804823,0.4905290018646817],[0.05993226870579906,0.03492681868374348,0.05821136385202408,0.0,0.0,0.0931381843984127,0.0931381843984127,0.0052096519282331865,0.03866681344446395,0.05292225736349791,0.07626280841025734,0.10083562296750515,0.0997884605111153,0.11885082342669538,0.21837998165169328,0.09876804911342299,0.3337147161813892,0.07747781921134211,0.060653118791640696,0.3511136966272829,0.355125815370109,0.3779362091414905,0.45756010850156714,0.3875473722407133,0.39432475089958946,0.34727587511324953,0.39169122593768535,0.374722491186657,0.3861283816457727,0.47755340172535304,0.49157202344838713,0.48518500906048084,0.49638427265735174,0.4917319437691533,0.4904006704542904,0.4998779818386128,0.5000837158851481,0.49207060836675837,0.49977536980331966,0.5068595229155695,0.5005848109835266,0.5021805987143074,0.5248037827728744,0.5348364712384632,0.50355491223285,0.5044379636916412,0.5162441965772396,0.5185531920052142,0.5216583567360897,0.5149786471594995],[0.017704294592641823,0.0,0.023284545168280605,0.0,0.0,0.05821136571466923,0.05821136571466923,-0.001841994667410861,0.014678216012627303,0.027131299009338222,0.07031926027128134,0.09184274415991477,0.09164120973873292,0.09693492504799209,0.19915841894497388,0.0767093594900947,0.31611678312111013,0.0544769558140596,0.036258141583179346,0.33347939328434384,0.3372762135597834,0.3612621977983706,0.4404144609652331,0.37071946663749294,0.37719253063289776,0.33059967842727667,0.37505963050221364,0.3580114024027122,0.36932824893880273,0.4594245407034255,0.4733424210545899,0.46689511304052644,0.4781087850540822,0.473599242982548,0.47219260154404763,0.4815982081203176,0.4817093499847821,0.47369117641383124,0.4814081559359883,0.488549262148934,0.4821999058737925,0.48377904008860617,0.5063040079428793,0.5164297483384025,0.48513771502164105,0.48600383538615954,0.49778423920049875,0.5001511043849487,0.5031746622282155,0.4965362260991736],[0.027734526129798345,0.034926820546388626,0.0,0.0931381843984127,0.05821136571466923,0.0,0.0,0.003979142090320576,0.021362272611578446,0.034801228245828854,0.07614039702901237,0.0980096637319409,0.09759696060006337,0.10067519858168875,0.2030018700145,0.0811546906304065,0.3199102828416874,0.060445915011222054,0.04243893729155275,0.3372182198922025,0.34082515232424143,0.36540449757109944,0.4444781978481911,0.37475138255581075,0.3812654856034866,0.3348083229413048,0.3792783357396473,0.3621168020947654,0.37340889430626156,0.4624606846173164,0.4764663575709753,0.4696578280722414,0.48082226028352,0.47667270897036407,0.47514622390582606,0.4842700960160245,0.4845069811688767,0.47625465183031335,0.48399074154366645,0.49138749671598114,0.4849433094033067,0.48638057634658993,0.5088864406471186,0.5188144614929688,0.48775859763597,0.48865493317012115,0.500504195555447,0.5027868799419026,0.505848122928278,0.4991990095791572],[0.03552801498076263,0.03492682054638863,0.0,0.0931381843984127,0.05821136571466923,0.0,0.0,-0.0018419946674108612,0.017670495190655496,0.030794250336152174,0.07031926027128134,0.0922276165260106,0.09179026217381683,0.10600527993983296,0.2118470507624024,0.0830440490159362,0.329729151979469,0.0592562657658541,0.041336983263316536,0.34737026851856134,0.3514085508739331,0.37458451152293154,0.4526078869283609,0.38402235308741783,0.38988569490209823,0.34410730078603363,0.38854516412437573,0.3712526868061092,0.38244285461200433,0.4709822971786213,0.48523584774307416,0.4782868227034488,0.48954324601289484,0.4853521436332837,0.483706091226554,0.49305598356255753,0.4933959557464798,0.4851638859935819,0.4929810183719917,0.5001942208109879,0.49383994573279355,0.49538853291509166,0.5178975270405068,0.5278593150473623,0.4967724670567143,0.4976529603989025,0.5094926187077297,0.5117782006680055,0.5148444195600432,0.5081935040179036],[0.017827217397280826,-0.0018419946674108607,-0.001841994667410861,0.0052096519282331865,-0.001841994667410861,0.003979142090320576,-0.0018419946674108612,0.0,0.0,0.014856729656457901,0.0,0.021223899442702532,0.021223899442702532,0.05522937819187018,0.16460172355982206,0.03048593797754616,0.287130121187244,0.02321107333501804,0.02289646378755591,0.3052929983854456,0.30857390010877833,0.3339822597154985,0.41048682021443234,0.3425830598022369,0.348745658754121,0.30290174019885474,0.34718807138118807,0.33074648235161913,0.3418018748785847,0.4282217615411068,0.44152373573324594,0.43526425701361443,0.44585802385539935,0.44181204646056305,0.44057915326885005,0.44916203984918457,0.44975111373236526,0.44133620957284875,0.44904782383472824,0.45639656701102105,0.4500637275135729,0.451449478005777,0.47422551496899684,0.48412947653332367,0.4528695835395841,0.45382768329003503,0.46563934908399596,0.46788280683492167,0.4710821626583855,0.4643846051600663],[0.057770459106580366,0.00755421879639834,0.005295390953823353,0.03866681344446395,0.014678216012627303,0.021362272611578446,0.017670495190655496,0.0,0.0,0.0,0.0,0.048814968205988414,0.0,0.03480710226412204,0.14998611223637845,0.008039734131097659,0.27532162952056516,0.008039734131097659,0.008039734131097653,0.2933674283588934,0.29583071078696194,0.32552461740667066,0.4035541557677219,0.33281074786339887,0.3394418194846318,0.2929887725885572,0.33750627062141525,0.3223011476828199,0.33337318063653326,0.41582259444840347,0.4282739782614654,0.42212407839270816,0.4320137068209239,0.4286684388281433,0.4279133451304012,0.4352494835914258,0.43565071072146416,0.4272610063502213,0.43504660866630185,0.4424526469899343,0.4359950479951581,0.43758509859831746,0.4607941423291524,0.47036363487975513,0.4391616799043103,0.4403357180891311,0.4522929224307693,0.4546116619368536,0.45777260785037804,0.45120403529208286],[0.07113083021869707,0.021858276602620328,0.018873954799141328,0.05292225736349791,0.027131299009338222,0.034801228245828854,0.030794250336152174,0.014856729656457901,0.0,0.0,0.0148567296564579,0.06367169786244631,0.014856729656457901,0.02899950561519566,0.15329550032206607,-0.0031161228822446244,0.28109276952410944,-0.0046946007847786285,-0.004694600784778627,0.298709341677367,0.3001247774598237,0.33318485414987636,0.411178862975968,0.3397517559379252,0.3470026110518418,0.29994066835673705,0.3442335352533035,0.32982473691399194,0.34088209153084964,0.420110685847805,0.43133256812262155,0.42566443192032205,0.43531119207920727,0.43190745134110753,0.43174890885624156,0.4386377424325787,0.43881184708044946,0.43040710394481774,0.4380723068179641,0.4457770909139238,0.4392890579086003,0.4407901125811865,0.46431490978547796,0.47366527248250034,0.44253210172401686,0.44380406681450263,0.4558115335894014,0.4580994962640573,0.4613009801143402,0.45470286263930465],[0.08083067852959583,0.07031926027128134,0.07031926027128134,0.07626280841025734,0.07031926027128134,0.07614039702901237,0.07031926027128134,0.0,0.0,0.0148567296564579,0.0,0.0,0.0,0.06400284799196627,0.1779780952507617,0.03646326590409726,0.3015109522977282,0.024107120807568955,0.022896463787555908,0.31945857974465763,0.32232741389181946,0.3498503016686691,0.42619425684863266,0.358408982522712,0.3641260765482811,0.3185108743812842,0.3628422936679573,0.3465252261719006,0.357490385730633,0.44114556420391465,0.45457174954153723,0.44800064146121615,0.45862300250469623,0.45481158752990436,0.4537196059200478,0.46203512824865645,0.4624872675488394,0.4539378823499171,0.46162634799805446,0.46923007002618744,0.46280806056399376,0.4640613385165041,0.4869792520221597,0.4968024803105877,0.4655211955313457,0.466504625116847,0.4783261874833346,0.48055185778716913,0.48379782901276597,0.4770853346490332],[0.10789388780703982,0.09154749595035769,0.09154359211902696,0.10083562296750515,0.09184274415991477,0.0980096637319409,0.0922276165260106,0.021223899442702532,0.048814968205988414,0.06367169786244631,0.0,0.0,0.0,0.10559678752839696,0.19318458310220746,0.08325534364799146,0.3067379394823885,0.07381907584025177,0.07172091284363785,0.3252502473309175,0.33074480708196896,0.34711686537791564,0.4237553865932354,0.35762850083208897,0.3612721729830774,0.3177045272547581,0.3620393609306367,0.3436442832821509,0.3546544553440635,0.4482960081938078,0.46406067114656907,0.45635931284864084,0.4672668581841409,0.4635831676708367,0.4613641275498405,0.470586448109564,0.4716097399657927,0.4630301372598938,0.47087045884269124,0.47794976113841964,0.4715869083986415,0.47317758120577813,0.49540583331245136,0.5053965785231819,0.47448877410001683,0.47530231895454084,0.48688664286802275,0.4890472725651826,0.4922584264727712,0.4856357420671952],[0.10640040390999919,0.09154315971398266,0.09154315971398266,0.0997884605111153,0.09164120973873292,0.09759696060006337,0.09179026217381683,0.021223899442702532,0.0,0.014856729656457901,0.0,0.0,0.0,0.06746579877179971,0.17823822096066336,0.04301541692221409,0.29942200323322526,0.027738624941385518,0.022928095611218644,0.31752448870915817,0.3212036362616719,0.3455484322339533,0.42205017196462596,0.354629450973957,0.3597350721813604,0.31489783122841486,0.35918208238931243,0.3421726029347234,0.35318959684131024,0.4387602164899745,0.45324636253268563,0.44602975788316723,0.45670103289759034,0.4532819303508311,0.45169727537175336,0.4600631113984745,0.46042226810076325,0.4519612047470722,0.4596683474724539,0.46722243910674055,0.46072722895266555,0.4620359302511901,0.48462240524432676,0.4945382699677442,0.46343213833206764,0.46432488914574466,0.47603625975717223,0.4782208261814772,0.48144079442931836,0.4747566236343925],[0.13691058055353875,0.09306711934248771,0.08977899550338087,0.11885082342669538,0.09693492504799209,0.10067519858168875,0.10600527993983296,0.05522937819187018,0.03480710226412204,0.02899950561519566,0.06400284799196627,0.10559678752839696,0.06746579877179971,0.0,0.0,0.0,0.12952373921871185,0.10361899062991142,0.02590474858880043,0.14679355919361115,0.14679355919361115,0.18793521005194566,0.3307925630671965,0.18992858039702026,0.24169137210790972,0.1509111130306558,0.1931043404103859,0.1861684800797694,0.2079635433828757,0.33494600766415467,0.3396941645074975,0.3342062354430931,0.34289292747699346,0.34053069263913915,0.3412963929750147,0.3458994798275864,0.34365460320496977,0.3355446945483138,0.3429793147456415,0.3520841300137161,0.3443518812100323,0.3454952363310492,0.3689802600710299,0.3775341819761893,0.34710793738982043,0.3483236781977287,0.36034842728862015,0.36265177407483845,0.3658899249427132,0.35919298947505296],[0.23470067803022,0.19581071684212123,0.19346932940054845,0.21837998165169328,0.19915841894497388,0.2030018700145,0.2118470507624024,0.16460172355982206,0.14998611223637845,0.15329550032206607,0.1779780952507617,0.19318458310220746,0.17823822096066336,0.0,0.0,0.12952373921871185,0.0,0.2331427298486233,0.15542848780751228,0.017269819974899292,0.017269819974899292,0.08002146745409992,0.2948011510414924,0.06713560805816766,0.1800023244400656,0.02560748197356023,0.06656180682050088,0.09529107108659028,0.13545759557202602,0.29758455585979005,0.30415098038724764,0.2983225146127259,0.3065385888763825,0.3049387140775797,0.3056303616910744,0.309191598883774,0.3043772814561226,0.2974702635351672,0.30479320086927786,0.31487653752986566,0.30553758515493373,0.30707446162752966,0.33036079105499694,0.3387424438291583,0.30851882123365765,0.3095364285745655,0.3216722807551168,0.323897848250499,0.3272383759874812,0.320334273433492],[0.11655058236532793,0.07241813956581153,0.06914613931607821,0.09876804911342299,0.0767093594900947,0.0811546906304065,0.0830440490159362,0.03048593797754616,0.008039734131097659,-0.0031161228822446244,0.03646326590409726,0.08325534364799146,0.04301541692221409,0.0,0.12952373921871185,0.0,0.2590474784374237,0.07771424204111099,9.020562075079396e-20,0.276317298412323,0.276317298412323,0.3113032424755603,0.3918317670206189,0.31700159899273483,0.3244671025307708,0.278247239526641,0.3213542319890919,0.30606893402965923,0.3153442593484329,0.39704135706665344,0.4016813214853186,0.3957759380584541,0.405113310915965,0.402116096343621,0.4028049560026861,0.40892471552095055,0.408665537801418,0.4004733944882445,0.4076633026629156,0.41568622508050124,0.40986786603620096,0.41015363384144965,0.4335869026286531,0.4427773319791038,0.4117376796477318,0.4128750306454501,0.42501904752706116,0.42745771884979095,0.4305197371746583,0.42382099260962264],[0.34884922778434513,0.3131695815436362,0.3111580809990845,0.3337147161813892,0.31611678312111013,0.3199102828416874,0.329729151979469,0.287130121187244,0.27532162952056516,0.28109276952410944,0.3015109522977282,0.3067379394823885,0.29942200323322526,0.12952373921871185,0.0,0.2590474784374237,0.0,0.36266646906733513,0.28495222702622414,0.0,0.0,0.06709326685469151,0.31385884911397666,0.05059403316651262,0.1899365196406782,0.008395950755646487,0.049667707366265426,0.08234893288366187,0.13185561002963506,0.3158874643797176,0.3222791011815772,0.31617248578156415,0.32424758661994796,0.3230108644418687,0.3236054077138624,0.3268706240868274,0.32180930531140334,0.31529790180964734,0.3227813371454537,0.33243290006529014,0.3231385539919245,0.3251367113311569,0.3484101340853001,0.35674441924188977,0.3266136474245743,0.3276233545831813,0.339756090606684,0.3420553543566194,0.34530310024464606,0.3384504240143956],[0.0950946804789575,0.05000126947259261,0.04679210426362084,0.07747781921134211,0.0544769558140596,0.060445915011222054,0.0592562657658541,0.02321107333501804,0.008039734131097659,-0.0046946007847786285,0.024107120807568955,0.07381907584025177,0.027738624941385518,0.10361899062991142,0.2331427298486233,0.07771424204111099,0.36266646906733513,0.0,2.463307335887066e-19,0.3799362890422344,0.3799362890422344,0.41210167175713397,0.45899421773858556,0.41982255642422656,0.4086538281757363,0.38101208275336496,0.42410349911210776,0.4056194708621955,0.4117070193998391,0.46588552472759254,0.47301119278361864,0.4683961114782488,0.47730587862954515,0.4739289478082838,0.47493735550199206,0.4804009650067042,0.47849988131261034,0.4708436369939753,0.4775235104154155,0.4865138335174034,0.47974183490121575,0.47946697597579535,0.5013658145454166,0.5117221236097204,0.480556469560638,0.4812075556800592,0.49297353000836297,0.4953857675174291,0.49824704526330255,0.4916050395145768],[0.07983870052657563,0.03158483936671803,0.028336691439071214,0.060653118791640696,0.036258141583179346,0.04243893729155275,0.041336983263316536,0.02289646378755591,0.008039734131097653,-0.004694600784778627,0.022896463787555908,0.07172091284363785,0.022928095611218644,0.02590474858880043,0.15542848780751228,9.020562075079396e-20,0.28495222702622414,2.463307335887066e-19,0.0,0.30222204700112343,0.30222204700112343,0.33486018787787625,0.4043904647362188,0.3420739564430427,0.34182090213380645,0.30337719414080616,0.3465268142348538,0.3296941910427829,0.3381390751109944,0.40985518560631234,0.41378461529694055,0.4081670461882277,0.4180325474454214,0.41405484722110525,0.4147085786069905,0.4217473112620901,0.420753712798758,0.41306381046795904,0.420089619855496,0.42818186970078503,0.42210173300413634,0.4223059048156507,0.44514303537704314,0.45483636954947904,0.42366854701601037,0.42458156648986906,0.43658333668478916,0.43899328887540745,0.44200809362723653,0.43528164061301977],[0.36631769964642963,0.33058281113343246,0.3285435300609515,0.3511136966272829,0.33347939328434384,0.3372182198922025,0.34737026851856134,0.3052929983854456,0.2933674283588934,0.298709341677367,0.31945857974465763,0.3252502473309175,0.31752448870915817,0.14679355919361115,0.017269819974899292,0.276317298412323,0.0,0.3799362890422344,0.30222204700112343,0.0,-7.522492911560649e-36,0.01096874853755453,0.28213206250599115,-0.005206461685895967,0.15346176225815286,-0.005206461685895967,-0.0052064616858959675,0.03169388090050352,0.09000800622075464,0.2844798099112186,0.29524619632275645,0.2892313859986073,0.2975052022444756,0.2961786653327186,0.2967258918417081,0.3000810745694548,0.2949130580867373,0.2884102960480596,0.29604866384528394,0.3056603185963661,0.2961810572619063,0.2986295392141562,0.3226080378421136,0.33069955128006023,0.3003295253829426,0.30155885520211284,0.3138030484183593,0.31608784674206125,0.3194980376565507,0.31264629845029784],[0.37028787647342043,0.3343576347971749,0.332244639389867,0.355125815370109,0.3372762135597834,0.34082515232424143,0.3514085508739331,0.30857390010877833,0.29583071078696194,0.3001247774598237,0.32232741389181946,0.33074480708196896,0.3212036362616719,0.14679355919361115,0.017269819974899292,0.276317298412323,0.0,0.3799362890422344,0.30222204700112343,-7.522492911560649e-36,0.0,0.045049037183749994,0.2815793417482539,0.029333200615645077,0.15950782400959007,0.029333200615645063,0.029333200615645056,0.05377411071161313,0.09844511272673236,0.28246682086768155,0.28937088318182125,0.2833040555570781,0.2913878238114678,0.2901449553171328,0.29078720925729723,0.29392257382442144,0.28845327557466505,0.2822711567848889,0.28962954651325623,0.2994013846853489,0.28996934812253494,0.29192428725342784,0.31499610540138295,0.32355577310112216,0.2933384065302957,0.2942972011278524,0.30631241829772154,0.3087124646916417,0.31186802772962074,0.30510379841839247],[0.3923739745640351,0.35846399476276736,0.3566996118287835,0.3779362091414905,0.3612621977983706,0.36540449757109944,0.37458451152293154,0.3339822597154985,0.32552461740667066,0.33318485414987636,0.3498503016686691,0.34711686537791564,0.3455484322339533,0.18793521005194566,0.08002146745409992,0.3113032424755603,0.06709326685469151,0.41210167175713397,0.33486018787787625,0.01096874853755453,0.045049037183749994,0.0,0.2562370151281357,0.02575278866553782,0.12423612177371979,2.081668171172168e-20,0.0320149155610059,-3.1263329817223054e-21,0.06211806833744049,0.2592601838685742,0.273212992439332,0.2658261398090799,0.27548372855833353,0.27401445841584676,0.2726632412707805,0.2782577310812819,0.27390231992209846,0.2671171063011949,0.27501147229068207,0.2840829039993466,0.2748811506068078,0.27767307568982313,0.3014871764496336,0.30973284836926235,0.2793751734629196,0.2805661791189019,0.29271399288652444,0.29496424129109233,0.29837853704116885,0.29154448840336405],[0.4714146225943135,0.43747649402965716,0.4356064405021365,0.45756010850156714,0.4404144609652331,0.4444781978481911,0.4526078869283609,0.41048682021443234,0.4035541557677219,0.411178862975968,0.42619425684863266,0.4237553865932354,0.42205017196462596,0.3307925630671965,0.2948011510414924,0.3918317670206189,0.31385884911397666,0.45899421773858556,0.4043904647362188,0.28213206250599115,0.2815793417482539,0.2562370151281357,0.0,0.31068735998583835,0.0,0.28729604184627533,0.31852547255251584,0.1941189467906952,0.13200089335441592,-0.0009552165865898132,0.007626375725942169,0.0073542967438697815,0.007518374939045472,0.0073542967438697815,0.007354296743869781,0.012156683768002623,0.038761597731250104,0.024242496104026068,0.041503421575158114,0.027532391066725604,0.03822668382274466,0.048898123554636436,0.0833386430235054,0.08632195514128503,0.054522796904934986,0.059397967105786056,0.07394411037022697,0.07569371917707443,0.08100233636445864,0.07392800478763314],[0.4022064595081946,0.3678955595780917,0.36605600574901204,0.3875473722407133,0.37071946663749294,0.37475138255581075,0.38402235308741783,0.3425830598022369,0.33281074786339887,0.3397517559379252,0.358408982522712,0.35762850083208897,0.354629450973957,0.18992858039702026,0.06713560805816766,0.31700159899273483,0.05059403316651262,0.41982255642422656,0.3420739564430427,-0.005206461685895967,0.029333200615645077,0.02575278866553782,0.31068735998583835,0.0,0.17875814176084245,-2.775557561562891e-20,0.09317709133028984,0.05490512523831214,0.11672990730239954,0.3180718188614082,0.3338768766478876,0.32553234789325236,0.335666019114809,0.33431447848112694,0.3321692390154642,0.33851091433414093,0.3345051385292097,0.32764772921827756,0.33568058555994285,0.34442215232088086,0.33546061860031207,0.3384298897321991,0.3623820402443518,0.3705480114842365,0.34017148835981703,0.3414175245943153,0.35368403748860355,0.3559054403996056,0.35935005891487926,0.35248591664008877],[0.40842822424754904,0.3741283480744489,0.37224892753483263,0.39432475089958946,0.37719253063289776,0.3812654856034866,0.38988569490209823,0.348745658754121,0.3394418194846318,0.3470026110518418,0.3641260765482811,0.3612721729830774,0.3597350721813604,0.24169137210790972,0.1800023244400656,0.3244671025307708,0.1899365196406782,0.4086538281757363,0.34182090213380645,0.15346176225815286,0.15950782400959007,0.12423612177371979,0.0,0.17875814176084245,0.0,0.15529514849185944,0.18651587453334223,0.0621180534362793,0.0,0.014731671008761767,0.04082332193447081,0.026148984300552732,0.04022713601176158,0.033553059225709565,0.02952998627697281,0.047242667124726204,0.0681372808490383,0.05664585992164559,0.06967631822812406,0.06082422080987923,0.06760083867240439,0.07481590809441555,0.10409692907174174,0.10864116472097515,0.07861951117627951,0.08194125918213374,0.09512441226294838,0.09683595624144448,0.1015557117572881,0.0947626549617764],[0.36200644462408316,0.327843034799956,0.326096721035879,0.34727587511324953,0.33059967842727667,0.3348083229413048,0.34410730078603363,0.30290174019885474,0.2929887725885572,0.29994066835673705,0.3185108743812842,0.3177045272547581,0.31489783122841486,0.1509111130306558,0.02560748197356023,0.278247239526641,0.008395950755646487,0.38101208275336496,0.30337719414080616,-0.005206461685895967,0.029333200615645063,2.081668171172168e-20,0.28729604184627533,-2.775557561562891e-20,0.15529514849185944,0.0,-6.938893903907229e-21,0.031059026718139652,0.09317709505558014,0.2900063639981831,0.3009214667130528,0.29510475565831157,0.30331337961578325,0.30228255875825677,0.3023056685433363,0.3056818152427846,0.2999186949608397,0.29333984426688164,0.3009667657113721,0.31117464242035187,0.30095943662878877,0.30340962538469035,0.3266918405477993,0.3353007450544536,0.3048977476455958,0.3058782433997445,0.3179352145822136,0.3202161284695333,0.32352826584439515,0.3166658738944188],[0.4066534657111995,0.3722779143514344,0.3705313638954204,0.39169122593768535,0.37505963050221364,0.3792783357396473,0.38854516412437573,0.34718807138118807,0.33750627062141525,0.3442335352533035,0.3628422936679573,0.3620393609306367,0.35918208238931243,0.1931043404103859,0.06656180682050088,0.3213542319890919,0.049667707366265426,0.42410349911210776,0.3465268142348538,-0.0052064616858959675,0.029333200615645056,0.0320149155610059,0.31852547255251584,0.09317709133028984,0.18651587453334223,-6.938893903907229e-21,0.0,0.06260147339975759,0.12447853760909294,0.32660065521462384,0.3419304616472552,0.3343809364319392,0.34480180157646323,0.342556524862118,0.3406652397673939,0.3477459095771254,0.3427421866855485,0.3366463544998978,0.3439979323776976,0.3531813626811442,0.3443279487175913,0.34625198873940627,0.3693176229742597,0.3779481766897587,0.34758201683078666,0.348446000013958,0.36047583213285384,0.3626543301334397,0.3660762390663782,0.3591226128204294],[0.3890218416128978,0.3551611662181969,0.35335349495952867,0.374722491186657,0.3580114024027122,0.3621168020947654,0.3712526868061092,0.33074648235161913,0.3223011476828199,0.32982473691399194,0.3465252261719006,0.3436442832821509,0.3421726029347234,0.1861684800797694,0.09529107108659028,0.30606893402965923,0.08234893288366187,0.4056194708621955,0.3296941910427829,0.03169388090050352,0.05377411071161313,-3.1263329817223054e-21,0.1941189467906952,0.05490512523831214,0.0621180534362793,0.031059026718139652,0.06260147339975759,0.0,0.0,0.19709802575932064,0.21181417040395187,0.20406451260912953,0.21420982511881312,0.21243689802119045,0.21062434127983015,0.21727599162393366,0.21506188287655456,0.20755403778050474,0.2162135331956416,0.22350302015314885,0.21568912085086647,0.21934877610215436,0.24418807274098045,0.25184112674709563,0.221438523962145,0.22298198293351607,0.23534704092284342,0.23753932819993193,0.2411667934808039,0.23429051082771707],[0.4002604063522825,0.3664434583818569,0.3646128318478042,0.3861283816457727,0.36932824893880273,0.37340889430626156,0.38244285461200433,0.3418018748785847,0.33337318063653326,0.34088209153084964,0.357490385730633,0.3546544553440635,0.35318959684131024,0.2079635433828757,0.13545759557202602,0.3153442593484329,0.13185561002963506,0.4117070193998391,0.3381390751109944,0.09000800622075464,0.09844511272673236,0.06211806833744049,0.13200089335441592,0.11672990730239954,0.0,0.09317709505558014,0.12447853760909294,0.0,0.0,0.13509531107634032,0.15165420923027426,0.1428377911796652,0.15390199295775142,0.15150678401906256,0.148996628716566,0.1575018963822192,0.15900845750558798,0.15052063725210776,0.16013563598718897,0.1644867524506266,0.15923884352422088,0.16384648853265646,0.18989066279989816,0.19671205598497107,0.16643016365993854,0.1684180769755919,0.18101756531728083,0.18307524772858097,0.18700549154924065,0.18009135562622802],[0.49136427076479244,0.45620734506642535,0.45372843843778937,0.47755340172535304,0.4594245407034255,0.4624606846173164,0.4709822971786213,0.4282217615411068,0.41582259444840347,0.420110685847805,0.44114556420391465,0.4482960081938078,0.4387602164899745,0.33494600766415467,0.29758455585979005,0.39704135706665344,0.3158874643797176,0.46588552472759254,0.40985518560631234,0.2844798099112186,0.28246682086768155,0.2592601838685742,-0.0009552165865898132,0.3180718188614082,0.014731671008761767,0.2900063639981831,0.32660065521462384,0.19709802575932064,0.13509531107634032,0.0,0.0,8.711539767787034e-36,0.0,0.0,-6.938893903907227e-20,0.00996375617852739,0.035567299080852925,0.022146152136739358,0.03795212107412958,0.024561668188775424,0.03794331972487853,0.04693631929202407,0.08496981157040077,0.08580543301174025,0.05413690395685607,0.0606194310489098,0.0759260724848909,0.07773193849207466,0.08330930293894179,0.07684200705443407],[0.5056515529528102,0.4701229768264668,0.4676590660796273,0.49157202344838713,0.4733424210545899,0.4764663575709753,0.48523584774307416,0.44152373573324594,0.4282739782614654,0.43133256812262155,0.45457174954153723,0.46406067114656907,0.45324636253268563,0.3396941645074975,0.30415098038724764,0.4016813214853186,0.3222791011815772,0.47301119278361864,0.41378461529694055,0.29524619632275645,0.28937088318182125,0.273212992439332,0.007626375725942169,0.3338768766478876,0.04082332193447081,0.3009214667130528,0.3419304616472552,0.21181417040395187,0.15165420923027426,0.0,0.0,0.028252337127923965,0.06481418758630753,-2.4012987664668863e-36,0.014957118779420853,0.08142134547233582,0.08973086252808571,0.08973086252808571,0.08973086252808571,0.08973086252808571,0.10468799248337746,0.08936888956170891,0.1191369832730285,0.12657007502132273,0.09109782612796986,0.09347286979621947,0.10829605093512787,0.11072801621110098,0.11538552829517046,0.10734164377051252],[0.4985731024787648,0.46358407992596684,0.46101018679172107,0.48518500906048084,0.46689511304052644,0.4696578280722414,0.4782868227034488,0.43526425701361443,0.42212407839270816,0.42566443192032205,0.44800064146121615,0.45635931284864084,0.44602975788316723,0.3342062354430931,0.2983225146127259,0.3957759380584541,0.31617248578156415,0.4683961114782488,0.4081670461882277,0.2892313859986073,0.2833040555570781,0.2658261398090799,0.0073542967438697815,0.32553234789325236,0.026148984300552732,0.29510475565831157,0.3343809364319392,0.20406451260912953,0.1428377911796652,8.711539767787034e-36,0.028252337127923965,0.0,-2.7755575615628914e-20,0.013295218348503113,4.336808689942019e-21,0.01660715788602829,0.024916674941778183,0.024916674941778183,0.024916674941778183,0.024916674941778183,0.03987380489706993,0.025522209511506393,0.06271066845411406,0.06577174018742761,0.030888032684548233,0.037083428984284045,0.05297612412977007,0.05512803574717453,0.060589761708460775,0.05379186742387569],[0.5096112323334296,0.47473970882256494,0.47215357924830154,0.49638427265735174,0.4781087850540822,0.48082226028352,0.48954324601289484,0.44585802385539935,0.4320137068209239,0.43531119207920727,0.45862300250469623,0.4672668581841409,0.45670103289759034,0.34289292747699346,0.3065385888763825,0.405113310915965,0.32424758661994796,0.47730587862954515,0.4180325474454214,0.2975052022444756,0.2913878238114678,0.27548372855833353,0.007518374939045472,0.335666019114809,0.04022713601176158,0.30331337961578325,0.34480180157646323,0.21420982511881312,0.15390199295775142,0.0,0.06481418758630753,-2.7755575615628914e-20,0.0,0.04985706880688667,0.03656185045838356,-0.000011865049600601064,0.008297652006149292,0.008297652006149292,0.008297652006149292,0.008297652006149292,0.02325478196144104,0.011644453097353178,0.05276276486583402,0.05309488219899308,0.0213595510977407,0.029784710863732397,0.04418920864109536,0.046200626077014605,0.05159638781070337,0.046121989041498675],[0.5055286870965529,0.4703992804114422,0.4679427188647598,0.4917319437691533,0.473599242982548,0.47667270897036407,0.4853521436332837,0.44181204646056305,0.4286684388281433,0.43190745134110753,0.45481158752990436,0.4635831676708367,0.4532819303508311,0.34053069263913915,0.3049387140775797,0.402116096343621,0.3230108644418687,0.47392894