{"full_convex_hulls":{"averages":[[0.0,-0.0000407191407667565,0.003623641345456781,0.24828110663949965,0.42903762094542663,0.43905844731572435,0.4602602329861759],[-0.0000407191407667565,0.0,0.00015007964372634638,0.22426927771255512,0.40377368511806516,0.4141587738756992,0.4356313400009174],[0.003623641345456781,0.00015007964372634638,0.0,4.8738718036123176e-8,0.2084553524980957,0.21790594916764694,0.2381846731753549],[0.24828110663949965,0.22426927771255512,4.8738718036123176e-8,0.0,-0.001411048211312158,0.007004820925115279,0.041991594120392876],[0.42903762094542663,0.40377368511806516,0.2084553524980957,-0.001411048211312158,0.0,0.0016500391066074378,0.013895492652002444],[0.43905844731572435,0.4141587738756992,0.21790594916764694,0.007004820925115279,0.0016500391066074378,0.0,-0.00017499923706054603],[0.4602602329861759,0.4356313400009174,0.2381846731753549,0.041991594120392876,0.013895492652002444,-0.00017499923706054603,0.0]],"maximums":[[0.0,-0.00004069776733469328,0.01311599939535086,0.43216923421455145,0.8257682426455092,0.897682504311812,0.9304148037771491],[-0.00004069776733469328,0.0,0.00015007964372658333,0.30883310647278117,0.7158114395034348,0.805947286765323,0.82801618190986],[0.01311599939535086,0.00015007964372658333,0.0,4.8738718283480864e-8,0.2953602902349324,0.3821041914450726,0.4074398824928258],[0.43216923421455145,0.30883310647278117,4.8738718283480864e-8,0.0,-0.0014098787774295403,0.014309656416197702,0.0949113756549153],[0.8257682426455092,0.7158114395034348,0.2953602902349324,-0.0014098787774295403,0.0,0.0016500391066075065,0.013951973641831693],[0.897682504311812,0.805947286765323,0.3821041914450726,0.014309656416197702,0.0016500391066075065,0.0,-0.00017499923706044973],[0.9304148037771491,0.82801618190986,0.4074398824928258,0.0949113756549153,0.013951973641831693,-0.00017499923706044973,0.0]],"minimums":[[0.0,-0.00004072181320190563,-0.03946903861066983,-0.10068625956742035,-0.02367523004918534,-0.03829080095749674,-0.04687760415380401],[-0.00004072181320190563,0.0,0.00015007964372612537,-0.07869536812892881,-0.0068499385774136445,-0.02496547238351654,-0.0479832625842805],[-0.03946903861066983,0.00015007964372612537,0.0,4.8738717700613776e-8,-0.0778536644458773,-0.09828252142375947,-0.07597194620778057],[-0.10068625956742035,-0.07869536812892881,4.8738717700613776e-8,0.0,-0.0014117807625520498,-0.020498482803561077,-0.04465552384472275],[-0.02367523004918534,-0.0068499385774136445,-0.0778536644458773,-0.0014117807625520498,0.0,0.0016500391066073608,0.013843434969884072],[-0.03829080095749674,-0.02496547238351654,-0.09828252142375947,-0.020498482803561077,0.0016500391066073608,0.0,-0.00017499923706066484],[-0.04687760415380401,-0.0479832625842805,-0.07597194620778057,-0.04465552384472275,0.013843434969884072,-0.00017499923706066484,0.0]]},"full_obbs":{"averages":[[0.0,-0.00004072181320190217,-0.015336603416505135,0.21727942613315443,0.4067568380271048,0.40957392080482824,0.4295849781750927],[-0.00004072181320190217,0.0,0.0001500796437263474,0.20510269006246162,0.38928534837706275,0.3890688767490587,0.40956896485968786],[-0.015336603416505135,0.0001500796437263474,0.0,4.8738718035568065e-8,0.1979771045798913,0.19374324391721004,0.21137672133482857],[0.21727942613315443,0.20510269006246162,4.8738718035568065e-8,0.0,-0.006999969482421874,-0.013029045696206082,0.019724318274817097],[0.4067568380271048,0.38928534837706275,0.1979771045798913,-0.006999969482421874,0.0,0.001650039106607436,0.0031552659019832745],[0.40957392080482824,0.3890688767490587,0.19374324391721004,-0.013029045696206082,0.001650039106607436,0.0,-0.00017499923706054563],[0.4295849781750927,0.40956896485968786,0.21137672133482857,0.019724318274817097,0.0031552659019832745,-0.00017499923706054563,0.0]],"maximums":[[0.0,-0.00004072181320189869,0.005657395565366213,0.4263132985686898,0.8249221103205988,0.8752293634376663,0.8980397945352308],[-0.00004072181320189869,0.0,0.00015007964372656946,0.3051150940174182,0.7013518924749365,0.7971532308005779,0.8103957909778563],[0.005657395565366213,0.00015007964372656946,0.0,4.8738718338992015e-8,0.29297415631932855,0.38133841554577064,0.39903342023535926],[0.4263132985686898,0.3051150940174182,4.8738718338992015e-8,0.0,-0.006999969482421625,0.010161502284123543,0.08635311989769857],[0.8249221103205988,0.7013518924749365,0.29297415631932855,-0.006999969482421625,0.0,0.0016500391066077216,0.012524827490389889],[0.8752293634376663,0.7971532308005779,0.38133841554577064,0.010161502284123543,0.0016500391066077216,0.0,-0.00017499923706031095],[0.8980397945352308,0.8103957909778563,0.39903342023535926,0.08635311989769857,0.012524827490389889,-0.00017499923706031095,0.0]],"minimums":[[0.0,-0.00004072181320190563,-0.061564747613856004,-0.11668765796396557,-0.05106459018444669,-0.04930002567575595,-0.05447628909707755],[-0.00004072181320190563,0.0,0.00015007964372613924,-0.09649644202538685,-0.0068499385774137,-0.03043959637104099,-0.05668270433954664],[-0.061564747613856004,0.00015007964372613924,0.0,4.873871772836935e-8,-0.07785366444587721,-0.10753271053992797,-0.10534417792033511],[-0.11668765796396557,-0.09649644202538685,4.873871772836935e-8,0.0,-0.006999969482422146,-0.03058829848910756,-0.06077037310396457],[-0.05106459018444669,-0.0068499385774137,-0.07785366444587721,-0.006999969482422146,0.0,0.0016500391066071318,-0.00988616736196183],[-0.04930002567575595,-0.03043959637104099,-0.10753271053992797,-0.03058829848910756,0.0016500391066071318,0.0,-0.00017499923706076198],[-0.05447628909707755,-0.05668270433954664,-0.10534417792033511,-0.06077037310396457,-0.00988616736196183,-0.00017499923706076198,0.0]]},"full_bounding_spheres":{"averages":[[0.0,-0.11135267095383,-0.10828389695289091,0.08045235626329623,0.3448124895918674,0.35496810003691165,0.40907059657578015],[-0.11135267095383,0.0,-0.13561199409146749,0.04931475653179363,0.3163197549516598,0.3261254843486522,0.3805141463546069],[-0.10828389695289091,-0.13561199409146749,0.0,-0.22733498574121366,0.038489526485611644,0.04684681968342717,0.10145282477861227],[0.08045235626329623,0.04931475653179363,-0.22733498574121366,0.0,-0.14818237729740985,-0.13748760220417955,-0.08012542829641882],[0.3448124895918674,0.3163197549516598,0.038489526485611644,-0.14818237729740985,0.0,-0.05261762246749778,0.0061170834421970886],[0.35496810003691165,0.3261254843486522,0.04684681968342717,-0.13748760220417955,-0.05261762246749778,0.0,-0.036480721118255656],[0.40907059657578015,0.3805141463546069,0.10145282477861227,-0.08012542829641882,0.0061170834421970886,-0.036480721118255656,0.0]],"maximums":[[0.0,-0.11085643044572088,-0.05097495842436328,0.33007753850493576,0.7359857122630049,0.7826466651496242,0.8516340010945573],[-0.11085643044572088,0.0,-0.10180115688109648,0.26985797982193527,0.6769505768244102,0.7378737377849085,0.7987218695702316],[-0.05097495842436328,-0.10180115688109648,0.0,-0.10863435609105832,0.25975500732757395,0.3195597765148388,0.3844395250927346],[0.33007753850493576,0.26985797982193527,-0.10863435609105832,0.0,-0.11189791486071154,-0.04624151771935736,0.019596077545273483],[0.7359857122630049,0.6769505768244102,0.25975500732757395,-0.11189791486071154,0.0,-0.05177859368255702,0.012902020943968612],[0.7826466651496242,0.7378737377849085,0.3195597765148388,-0.04624151771935736,-0.05177859368255702,0.0,-0.03635516858501704],[0.8516340010945573,0.7987218695702316,0.3844395250927346,0.019596077545273483,0.012902020943968612,-0.03635516858501704,0.0]],"minimums":[[0.0,-0.11184779300085503,-0.17440444091088356,-0.23220052956576387,-0.09252467108766733,-0.1376106049359312,-0.0992631083862727],[-0.11184779300085503,0.0,-0.17083512778393406,-0.22824847951526725,-0.11124036394927203,-0.15391265814061122,-0.11088842967819605],[-0.17440444091088356,-0.17083512778393406,0.0,-0.37779419806346937,-0.23918529018171217,-0.3041909492162566,-0.250080985254499],[-0.23220052956576387,-0.22824847951526725,-0.37779419806346937,0.0,-0.188515036807924,-0.2581219332474549,-0.22090232319611788],[-0.09252467108766733,-0.11124036394927203,-0.23918529018171217,-0.188515036807924,0.0,-0.05347715185317764,-0.0008584122796951588],[-0.1376106049359312,-0.15391265814061122,-0.3041909492162566,-0.2581219332474549,-0.05347715185317764,0.0,-0.03660620389643436],[-0.0992631083862727,-0.11088842967819605,-0.250080985254499,-0.22090232319611788,-0.0008584122796951588,-0.03660620389643436,0.0]]},"decomposition_convex_hulls":{"averages":[[0.0,0.0,0.0,0.05993226870579906,0.017704294592641823,0.027734526129798345,0.03552801498076263,0.017889233978257778,0.05668966299098772,0.06981637563887126,0.08085737499148768,0.10833549372297865,0.10628474672324718,0.13238183788024938,0.22997969472079308,0.11261321351694903,0.343855844826022,0.09530580578685528,0.07805440635061058,0.36138582514583256,0.3652334247161205,0.3860071440194565,0.45841006175239135,0.39680487209297655,0.39768777372650127,0.3576778501981023,0.40298703351657195,0.3818015011029302,0.39179761396874424,0.4780118362546602,0.49547641558248245,0.485559428345898,0.49511639482337044,0.4946003793225371,0.4924923692387341,0.4978982144718349,0.49454567440513864,0.4874425030447637,0.49541389516519085,0.504162232663694,0.49540209037058447,0.49804451932195715,0.5204060578293159,0.5298154836709057,0.4996518112509353,0.5007370171471678,0.5121055135324359,0.5146796555513118,0.5173942623230184,0.5113462062036115],[0.0,0.0,0.0,0.03492681868374348,0.0,0.034926820546388626,0.03492682054638863,-0.001841994667410861,0.00697914498573767,0.020994698996841962,0.07031926027128134,0.09154733730444208,0.09154315971398266,0.09294639960949949,0.19599532518904988,0.0722099105086804,0.3132428946583862,0.04903227380041005,0.03079707595520462,0.33071560523926136,0.3344908978891983,0.3565071911244128,0.42854418608529204,0.3670682339042133,0.36738209762860574,0.32815414853992875,0.37361935237649757,0.3521647059864696,0.36191507706393555,0.4467188932056311,0.4648014961746878,0.4543048512606048,0.46362806761182235,0.4639427253856813,0.46155721001037286,0.46630210596403693,0.4625970037337616,0.4551580641820292,0.46308105888337425,0.4723630224069717,0.4632375045720848,0.46571624962072916,0.4880571902689765,0.4976461653531967,0.4673246813813291,0.46840945389680383,0.4797516844908508,0.4823698010507927,0.48502710733297266,0.47899746001135585],[0.0,0.0,0.0,0.05821136385202408,0.023284545168280605,0.0,0.0,-0.0018419946674108607,0.0050985071298076555,0.018721636909949844,0.07031926027128134,0.0915435732801822,0.09154315971398266,0.09036913496082864,0.19380955076965262,0.0696974979476967,0.31123181266809835,0.04647604487529573,0.02807192427079298,0.32867740897966735,0.3323954222400944,0.35471132697788726,0.42638186564740116,0.36519987686377087,0.3653282640267825,0.3263863606549492,0.3718067570758717,0.3503332434679981,0.3600126052658338,0.44430213898822307,0.46222797427816265,0.4519154636935047,0.4614713967651046,0.46139887567624915,0.4590089852699948,0.46421928250382705,0.4606016075515081,0.4533039702811525,0.4612248300197669,0.4702693315530279,0.4613225492892617,0.4638558425487335,0.4862007861033777,0.4957949916358713,0.46545353481475615,0.4665391747943682,0.47785355750871344,0.48047345789848095,0.48313567035127997,0.4771014897846969],[0.05993226870579906,0.03492681868374348,0.05821136385202408,0.0,0.0,0.0931381843984127,0.0931381843984127,0.005211360275989612,0.037117632155039965,0.05130285713116421,0.07626752912417577,0.10078648246532712,0.09962171782527125,0.11742193594934422,0.217736125786535,0.0972788729260595,0.3333836225837254,0.07665456689396971,0.059184034871893734,0.350808532038244,0.3547510583160781,0.3758079303305613,0.44939797575705687,0.38652305892035516,0.3879622550819974,0.34739664968190614,0.3928416829619435,0.3716660194695404,0.381635270748874,0.4687201889244924,0.4870166450871794,0.47625305384667305,0.48535123052150325,0.4860577730781462,0.48368552050806163,0.4879664046326168,0.483866687534149,0.4764815288777259,0.48431953645774045,0.4939072058231746,0.48444085777622725,0.4869404476685817,0.5092870668527623,0.5188133071205899,0.4885437724695175,0.4896199673316161,0.5010461990418945,0.5036188937051193,0.5063067458329003,0.5002601764840623],[0.017704294592641823,0.0,0.023284545168280605,0.0,0.0,0.05821136571466923,0.05821136571466923,-0.001841994667410861,0.013729273483923117,0.025976481829226978,0.07031926027128134,0.09185172474468163,0.09164029093540897,0.096092100100564,0.199026538905178,0.07576292718025644,0.31605386831253673,0.05360079353309667,0.03522747725247779,0.333489301865287,0.33725387847997335,0.359351825584104,0.4318424048805026,0.369873032309032,0.37063362536178934,0.33094743930166387,0.3763917081341038,0.35506218116521926,0.3648572462566189,0.45016762041899894,0.4683792350896305,0.4577456800394078,0.46690676189909525,0.46749569142456643,0.4651019504784129,0.46953895703398885,0.46564402426000656,0.45823860418208595,0.46612895783513203,0.4755456275158147,0.4662697347718046,0.4687554642893052,0.49110556397235117,0.5006651681813847,0.47034922366573784,0.47142604488208756,0.48281943545242906,0.4854227220235525,0.48809879772272796,0.48204774399255756],[0.027734526129798345,0.034926820546388626,0.0,0.0931381843984127,0.05821136571466923,0.0,0.0,0.003979142090320576,0.02171826852557318,0.03536361365675274,0.07614039702901237,0.09796059449272365,0.0976041882952946,0.10164698448574745,0.2035863328217495,0.08210042837780299,0.3201299536402826,0.060919175338971086,0.04291201407522432,0.3374884887792973,0.34114813296953445,0.36319116832886456,0.4349835766723217,0.37382368943956673,0.3740347713342913,0.3349529713565947,0.3803629243193266,0.35879887006997874,0.36845532039720535,0.45330232666319475,0.4710563784778887,0.4608865789140317,0.4706685077949161,0.47018597236715964,0.46787135955437753,0.4734676503571083,0.4699951000616544,0.46285302753112073,0.47086599669904444,0.4795535446062659,0.470774977975764,0.47352882446827993,0.49585606333479565,0.5053923301102828,0.4751370189485998,0.47622278090355175,0.48749817812085017,0.49014277672968287,0.49278986978603895,0.4867944059733774],[0.03552801498076263,0.03492682054638863,0.0,0.0931381843984127,0.05821136571466923,0.0,0.0,-0.001841994667410861,0.01811300357077894,0.03140731367332288,0.07031926027128134,0.09217550209344821,0.0917979149076781,0.10669658105173678,0.21229988027817495,0.08395824838115713,0.3298709491178791,0.05968260614255712,0.041852950992422776,0.34756633637221795,0.35164303817834874,0.3724921485841987,0.4433449846507075,0.3831202204239639,0.38296302532924614,0.3443019589043944,0.38972399459375134,0.36811714466533735,0.37772031566641145,0.4619517366405283,0.47993166824117933,0.46961255501331817,0.4794596264873703,0.4789794245072781,0.47654504064557807,0.48230295217636215,0.47896990609797846,0.4718128861488625,0.47985990232250136,0.4884630590713367,0.47975495872402696,0.4825237247235911,0.5048889138796971,0.5143924345647264,0.4841310722935576,0.48521867729880536,0.4965033465933307,0.4991542624404684,0.5018121793705678,0.4958101731176721],[0.017889233978257778,-0.001841994667410861,-0.0018419946674108607,0.005211360275989612,-0.001841994667410861,0.003979142090320576,-0.001841994667410861,0.0,0.0,0.014856729656457901,0.0,0.021223899442702532,0.021223899442702532,0.05535386487738379,0.16453397273645887,0.030626712744316848,0.28694951208623815,0.023188794262708607,0.022896463787555908,0.3051107146627498,0.3084011569856716,0.33213007912103293,0.40151448800505485,0.34167603802350605,0.3426924865461349,0.3031271282862855,0.34849355737365034,0.3279813101029406,0.3377528230026576,0.4198595090139264,0.43685336393644003,0.42700172930776853,0.43577520687499727,0.4361907578032951,0.43405137606266203,0.43829071932429514,0.4350334825942072,0.4278212969994654,0.43592948229844586,0.44456318788130406,0.4356251348812583,0.438653029008626,0.4613010765484083,0.47061582082465503,0.4403651173976537,0.4415362256327226,0.45289230988367646,0.45549474555315805,0.4582636843693534,0.4522230183157459],[0.05668966299098772,0.00697914498573767,0.0050985071298076555,0.037117632155039965,0.013729273483923117,0.02171826852557318,0.01811300357077894,0.0,0.0,0.0,0.0,0.048814968205988414,0.0,0.03479171402079454,0.14974097799207925,0.008039734131097657,0.2750766566803783,0.008039734131097657,0.008039734131097652,0.2931229582998134,0.29561137163122664,0.3235380921326208,0.39539107325871403,0.3316823425639681,0.33330855282529687,0.29322036079181074,0.3386274605008139,0.31937470562050885,0.32904848074930115,0.40792406034466877,0.423703023373133,0.41455063778007845,0.4228946372642269,0.4233870736425581,0.4218333269885717,0.42537763682966334,0.42195719465788395,0.41493351446221705,0.4230213518488951,0.4316837928032012,0.42273421642458464,0.425844870728745,0.4492218146255618,0.4578112912188191,0.42774785416536515,0.429213397345476,0.4407787985866518,0.44338387786850514,0.44624069181510045,0.44028005043422597],[0.06981637563887126,0.020994698996841962,0.018721636909949844,0.05130285713116421,0.025976481829226978,0.03536361365675274,0.03140731367332288,0.014856729656457901,0.0,0.0,0.0148567296564579,0.06367169786244631,0.014856729656457901,0.028985483383566293,0.15322875114461446,-0.0031520075217526243,0.2809689731252092,-0.004694600784778629,-0.0046946007847786225,0.298590143024322,0.3000207835762641,0.3312444267840251,0.4032841516122869,0.33866901618002304,0.34079955102996273,0.3002131567944868,0.34556990671596854,0.3269659392768387,0.33660137159029246,0.4120557168528663,0.426631801643347,0.41785616463377206,0.42594676179427815,0.4264502879921167,0.4255074005416328,0.4285116776590605,0.4247486054762124,0.4177797018105448,0.42593847081388414,0.4346598218873229,0.4256800235413982,0.4290107451431302,0.4527807297815979,0.46125701510133293,0.4311505222117605,0.43273107749951484,0.44437064110917074,0.4469544522236605,0.4498436928081353,0.44386646822484954],[0.08085737499148768,0.07031926027128134,0.07031926027128134,0.07626752912417577,0.07031926027128134,0.07614039702901237,0.07031926027128134,0.0,0.0,0.0148567296564579,0.0,0.0,0.0,0.06437005830476418,0.17837910083816058,0.036905885581562985,0.3018094209372194,0.02416367289980088,0.02289646378755591,0.3197433892051947,0.32261319360969015,0.34868203441366835,0.4175905405463134,0.35784713969495063,0.35852626050570713,0.3193755063948968,0.3648753242570371,0.34442912606151443,0.3539552417846441,0.43295013396716453,0.4497771286507912,0.4398481047942614,0.44890506941326314,0.4491418436854094,0.4471172669836425,0.45158731717279504,0.4482168625352146,0.441245095350191,0.44937594413468435,0.4578215295701711,0.44899566806002933,0.45213020570344364,0.47507746854747507,0.48431483025903815,0.4538970957599054,0.45511127033178816,0.4666519914015645,0.4691015630869229,0.47203397277735665,0.46584841941677085],[0.10833549372297865,0.09154733730444208,0.0915435732801822,0.10078648246532712,0.09185172474468163,0.09796059449272365,0.09217550209344821,0.021223899442702532,0.048814968205988414,0.06367169786244631,0.0,0.0,0.0,0.10587589518778553,0.19355898403431984,0.08348768058047165,0.3070334730138614,0.07390391713750039,0.0717187921142418,0.3255437096683848,0.3310332639768206,0.34599505515549445,0.41554445211298463,0.3569778594257205,0.3558114566251023,0.318354511758357,0.3639797404374643,0.3416720577007097,0.35120706162835036,0.4407446598379565,0.4593486236952337,0.44897494850132447,0.45856804488445696,0.458112823518848,0.4552469907088956,0.461209552464992,0.4587058692386792,0.45167540732277917,0.4597505308216843,0.4677700421756684,0.45921548077754143,0.46233832321502516,0.48455834847746887,0.49377360580624174,0.4638966640389765,0.4648913374674604,0.4762386993494317,0.4786506157571839,0.48153122063453985,0.4753850280283234],[0.10628474672324718,0.09154315971398266,0.09154315971398266,0.09962171782527125,0.09164029093540897,0.0976041882952946,0.0917979149076781,0.021223899442702532,0.0,0.014856729656457901,0.0,0.0,0.0,0.0677560065110871,0.17854261506606078,0.04335142552404222,0.2997306947975657,0.027915373481808607,0.022921324536543622,0.3178315427343207,0.3215002370849622,0.34444838888492957,0.41373910101362205,0.3539675673340506,0.3542938476484859,0.31567260256669716,0.36117742485172577,0.3401841447674558,0.34971072571020734,0.43089998491500997,0.4483563940452055,0.43834031808583257,0.4476996128024523,0.44766537923111077,0.44533072834069193,0.4503986128300655,0.4470809668347712,0.4402445691488857,0.44834146197278896,0.4566287041215882,0.4479296350661101,0.45106416993398885,0.47375003902195406,0.48290988905135623,0.4527654921645545,0.4538849769485393,0.46535376764315484,0.46781422896631303,0.470713834428906,0.4645481512270909],[0.13238183788024938,0.09294639960949949,0.09036913496082864,0.11742193594934422,0.096092100100564,0.10164698448574745,0.10669658105173678,0.05535386487738379,0.03479171402079454,0.028985483383566293,0.06437005830476418,0.10587589518778553,0.0677560065110871,0.0,0.0,0.0,0.12952373921871185,0.10361899062991142,0.02590474858880043,0.14679355919361115,0.14679355919361115,0.18603947210943006,0.3248983791011069,0.18903641672049296,0.2371603721306042,0.15128604061970344,0.19460711187887864,0.1835247046168313,0.2042362816436424,0.32884669076319023,0.33593732481456984,0.32833211845177523,0.33621648640969354,0.3363310409303209,0.3365838465595422,0.33880332820405895,0.3334927828500755,0.32646569978247836,0.3340845214838039,0.34391261182628546,0.33463297435518535,0.33682883051995716,0.36036328166430687,0.368918649537209,0.3386756173524421,0.34002786437133226,0.35196730205668236,0.35476561423003106,0.3574555362159314,0.35137793963910396],[0.22997969472079308,0.19599532518904988,0.19380955076965262,0.217736125786535,0.199026538905178,0.2035863328217495,0.21229988027817495,0.16453397273645887,0.14974097799207925,0.15322875114461446,0.17837910083816058,0.19355898403431984,0.17854261506606078,0.0,0.0,0.12952373921871185,0.0,0.2331427298486233,0.15542848780751228,0.017269819974899292,0.017269819974899292,0.07862981858809368,0.2914661687282233,0.06633440111427837,0.17701903103724198,0.025911731635535756,0.06805171588190669,0.09352159349698165,0.1330853885718524,0.29421091267427135,0.3022070708933779,0.2951486641516854,0.30303753042965076,0.3028681543541281,0.30326027165214003,0.3054619691102527,0.2989050250294546,0.29233313661996085,0.29946918001706946,0.310319750937447,0.3001579075230279,0.30181960954415954,0.3250442442715152,0.3337986553400674,0.30334025510441603,0.30440796383590796,0.31655526281606516,0.3193331882919314,0.3220649017515572,0.31567463701183524],[0.11261321351694903,0.0722099105086804,0.0696974979476967,0.0972788729260595,0.07576292718025644,0.08210042837780299,0.08395824838115713,0.030626712744316848,0.008039734131097657,-0.0031520075217526243,0.036905885581562985,0.08348768058047165,0.04335142552404222,0.0,0.12952373921871185,0.0,0.2590474784374237,0.07771424204111099,6.245004513516505e-20,0.276317298412323,0.276317298412323,0.30946999570726424,0.38413662314886077,0.316089884492643,0.3185347279427737,0.27862333364698316,0.32282509265074244,0.3033223838463938,0.31120763969687176,0.38909466423064115,0.39661806192725435,0.3881750171327651,0.3965435298918502,0.39641987801740286,0.39646282367842567,0.39977857598161687,0.3955187857863995,0.3887901688446302,0.39660846627305024,0.40522237764024893,0.39714734220396647,0.3993665180993249,0.4229100005864003,0.4319831185998272,0.40124260280990526,0.4026110305027763,0.41451105398976396,0.4173078950393307,0.4199711706164837,0.41388953037389636],[0.343855844826022,0.3132428946583862,0.31123181266809835,0.3333836225837254,0.31605386831253673,0.3201299536402826,0.3298709491178791,0.28694951208623815,0.2750766566803783,0.2809689731252092,0.3018094209372194,0.3070334730138614,0.2997306947975657,0.12952373921871185,0.0,0.2590474784374237,0.0,0.36266646906733513,0.28495222702622414,0.0,0.0,0.0657144326445285,0.3120387839343518,0.049812506485211856,0.18818174433292126,0.008686487639758218,0.05104790469691272,0.0806675396737578,0.13005429461681942,0.3140547581064484,0.321638088847736,0.3144399399357993,0.3222600938659581,0.32215126099446495,0.32250315278986974,0.324733132942394,0.3181341608084923,0.31135845052715966,0.3186862264330157,0.3296545108987319,0.3192021782272701,0.32108520439124283,0.3440522763610969,0.35282890467627,0.32255941735138144,0.3235650727487275,0.33563841788358484,0.3385207812128133,0.3410864938111922,0.334773804023239],[0.09530580578685528,0.04903227380041005,0.04647604487529573,0.07665456689396971,0.05360079353309667,0.060919175338971086,0.05968260614255712,0.023188794262708607,0.008039734131097657,-0.004694600784778629,0.02416367289980088,0.07390391713750039,0.027915373481808607,0.10361899062991142,0.2331427298486233,0.07771424204111099,0.36266646906733513,0.0,2.6367796834847467e-19,0.3799362890422344,0.3799362890422344,0.4103201703162265,0.4504339479653312,0.41890987927725903,0.40249742278638767,0.38139212262926764,0.4255303108248507,0.40286536163209063,0.4074496211591633,0.45701763954383534,0.4681919972691472,0.459565658882921,0.46672702977511965,0.4682198253649307,0.46823759568323087,0.46893472793686386,0.4619876263340565,0.45610986101940115,0.46350790918318713,0.47347124023170617,0.46389291904810775,0.4658576364923464,0.48815120588440986,0.498252372803688,0.4673491272303701,0.46834546222494916,0.4797863250248922,0.48253653272780445,0.4850456638576731,0.47902251853550226],[0.07805440635061058,0.03079707595520462,0.02807192427079298,0.059184034871893734,0.03522747725247779,0.04291201407522432,0.041852950992422776,0.022896463787555908,0.008039734131097652,-0.0046946007847786225,0.02289646378755591,0.0717187921142418,0.022921324536543622,0.02590474858880043,0.15542848780751228,6.245004513516505e-20,0.28495222702622414,2.6367796834847467e-19,0.0,0.30222204700112343,0.30222204700112343,0.33305908527027606,0.3965364194924906,0.34116356557339644,0.3358039235191788,0.30375988584081115,0.3479606477255534,0.3269366176920412,0.33396411451138347,0.4017073775782335,0.4088106237135309,0.3993794681529679,0.40818936896758395,0.40810579071809944,0.4077613731728022,0.41134102485154506,0.406051197170626,0.399775033917004,0.40726920616752565,0.4165234505298705,0.40794766956933254,0.4099122423581803,0.43302486807337237,0.44253885814520355,0.41169525798779294,0.4129400175889833,0.4246663170973654,0.4275208863772767,0.43002931655055343,0.4240140288243544],[0.36138582514583256,0.33071560523926136,0.32867740897966735,0.350808532038244,0.333489301865287,0.3374884887792973,0.34756633637221795,0.3051107146627498,0.2931229582998134,0.298590143024322,0.3197433892051947,0.3255437096683848,0.3178315427343207,0.14679355919361115,0.017269819974899292,0.276317298412323,0.0,0.3799362890422344,0.30222204700112343,0.0,-2.0816681711721683e-20,0.010964766122310638,0.2820777397535104,-0.005206461685895971,0.1534001137411536,-0.005206461685895969,-0.00520646168589597,0.031684052336189074,0.0899765634840761,0.2844842376071468,0.29601688606236115,0.2891154964508412,0.2971356313314377,0.29675914552259647,0.29712856601698245,0.29961373896219884,0.29350572687126775,0.2865254735939253,0.29404834805014174,0.30470594783541866,0.29442416242371555,0.29661041552561246,0.32017578112147055,0.3282951284697781,0.29826417344999223,0.299452328954982,0.31173413312272186,0.31447980723772706,0.31727814937007237,0.310828283044009],[0.3652334247161205,0.3344908978891983,0.3323954222400944,0.3547510583160781,0.33725387847997335,0.34114813296953445,0.35164303817834874,0.3084011569856716,0.29561137163122664,0.3000207835762641,0.32261319360969015,0.3310332639768206,0.3215002370849622,0.14679355919361115,0.017269819974899292,0.276317298412323,0.0,0.3799362890422344,0.30222204700112343,-2.0816681711721683e-20,0.0,0.04503947747139657,0.2815923191853923,0.029333200615645077,0.15945208626486987,0.02933320061564507,0.029333200615645084,0.05372053026997004,0.09835447928149887,0.28253940204868105,0.2902257388976972,0.2833650788219922,0.2912763012917005,0.2908526345065077,0.2913350044705897,0.2937016720943775,0.2871860741804279,0.28043427366949275,0.28768883337651385,0.2986704233703986,0.2883070704415531,0.2899829309795872,0.31274274399475205,0.3214715430613597,0.2913729022279054,0.29230395403991266,0.3043596592697545,0.3071533064891324,0.3097775785839096,0.30337476357963844],[0.3860071440194565,0.3565071911244128,0.35471132697788726,0.3758079303305613,0.359351825584104,0.36319116832886456,0.3724921485841987,0.33213007912103293,0.3235380921326208,0.3312444267840251,0.34868203441366835,0.34599505515549445,0.34444838888492957,0.18603947210943006,0.07862981858809368,0.30946999570726424,0.0657144326445285,0.4103201703162265,0.33305908527027606,0.010964766122310638,0.04503947747139657,0.0,0.2562370151281357,0.02575278866553782,0.12423612177371979,2.7755575615628914e-20,0.0320149155610059,-8.932379947778013e-22,0.06211806833744049,0.25930458022538055,0.2739336626491904,0.26570921331911374,0.2751852383944853,0.27454665275658097,0.27305588358897104,0.2778723116602198,0.27269427870037505,0.26550852914400797,0.2732694899641213,0.2832655955598803,0.273403139447784,0.2759503941086846,0.29928590991723675,0.3074452286128778,0.2776057272192527,0.2787525600429324,0.29091700423266253,0.29368240489726216,0.29639690676246117,0.29004936564184286],[0.45841006175239135,0.42854418608529204,0.42638186564740116,0.44939797575705687,0.4318424048805026,0.4349835766723217,0.4433449846507075,0.40151448800505485,0.39539107325871403,0.4032841516122869,0.4175905405463134,0.41554445211298463,0.41373910101362205,0.3248983791011069,0.2914661687282233,0.38413662314886077,0.3120387839343518,0.4504339479653312,0.3965364194924906,0.2820777397535104,0.2815923191853923,0.2562370151281357,0.0,0.31068735998583835,0.0,0.28729604184627533,0.31852547255251584,0.1941189467906952,0.13200089335441592,-0.0009552165865898132,0.007676641903421536,0.0073542967438697815,0.0075002488574921295,0.007354296743869781,0.007354296743869781,0.011987504997691918,0.03929528140846834,0.023732526288826196,0.0406956447356596,0.027626509894680244,0.03834888818233893,0.04804301988136431,0.0821448919090537,0.08593733774484008,0.05358568451160659,0.05840489253638238,0.07291943257922574,0.07516445090801425,0.07988406507491179,0.0731293572713882],[0.39680487209297655,0.3670682339042133,0.36519987686377087,0.38652305892035516,0.369873032309032,0.37382368943956673,0.3831202204239639,0.34167603802350605,0.3316823425639681,0.33866901618002304,0.35784713969495063,0.3569778594257205,0.3539675673340506,0.18903641672049296,0.06633440111427837,0.316089884492643,0.049812506485211856,0.41890987927725903,0.34116356557339644,-0.005206461685895971,0.029333200615645077,0.02575278866553782,0.31068735998583835,0.0,0.17875814176084245,-2.0816681711721686e-20,0.09317709133028984,0.05490512523831214,0.11672990730239954,0.31807996302487407,0.3343329165974426,0.32546640731889787,0.3355458245327154,0.33467123799636794,0.3324698305083288,0.33839929850660155,0.33380505608985,0.32651610189174735,0.33447516516721343,0.3439337270393866,0.33456498095201986,0.33726023469402494,0.3608500284585947,0.36892941914441246,0.3389775418285333,0.3401903992099729,0.3524583728070677,0.3551705225497072,0.3579871011336225,0.3515631439682975],[0.39768777372650127,0.36738209762860574,0.3653282640267825,0.3879622550819974,0.37063362536178934,0.3740347713342913,0.38296302532924614,0.3426924865461349,0.33330855282529687,0.34079955102996273,0.35852626050570713,0.3558114566251023,0.3542938476484859,0.2371603721306042,0.17701903103724198,0.3185347279427737,0.18818174433292126,0.40249742278638767,0.3358039235191788,0.1534001137411536,0.15945208626486987,0.12423612177371979,0.0,0.17875814176084245,0.0,0.15529514849185944,0.18651587453334223,0.0621180534362793,0.0,0.014726338629950918,0.04139548042351855,0.026064874635479802,0.03990335788172222,0.03403913257942695,0.029807780115296098,0.04666418089003454,0.06757075402039539,0.056102354504740715,0.06881343872372873,0.06034007832664985,0.06699362919683118,0.07395160682854486,0.102576866150757,0.10769410095686804,0.0777058400291862,0.08099363726283436,0.09429139040029981,0.09658161554571952,0.10048088918010023,0.09418506959221914],[0.3576778501981023,0.32815414853992875,0.3263863606549492,0.34739664968190614,0.33094743930166387,0.3349529713565947,0.3443019589043944,0.3031271282862855,0.29322036079181074,0.3002131567944868,0.3193755063948968,0.318354511758357,0.31567260256669716,0.15128604061970344,0.025911731635535756,0.27862333364698316,0.008686487639758218,0.38139212262926764,0.30375988584081115,-0.005206461685895969,0.02933320061564507,2.7755575615628914e-20,0.28729604184627533,-2.0816681711721686e-20,0.15529514849185944,0.0,4.163336342344337e-20,0.031059026718139652,0.09317709505558014,0.2900470902007095,0.30173664404668843,0.2949794890412564,0.30298035171225896,0.30286558415452014,0.30269382398746564,0.3052613697809189,0.298593177392479,0.2915464213732343,0.29902778818483816,0.31028622467575057,0.2993000810564078,0.30147606974705526,0.32431884381775583,0.33285319714549777,0.30291349764021613,0.3038552362218324,0.31593503461795985,0.3187177423411712,0.32136016826612523,0.3149543155239564],[0.40298703351657195,0.37361935237649757,0.3718067570758717,0.3928416829619435,0.3763917081341038,0.3803629243193266,0.38972399459375134,0.34849355737365034,0.3386274605008139,0.34556990671596854,0.3648753242570371,0.3639797404374643,0.36117742485172577,0.19460711187887864,0.06805171588190669,0.32282509265074244,0.05104790469691272,0.4255303108248507,0.3479606477255534,-0.00520646168589597,0.029333200615645084,0.0320149155610059,0.31852547255251584,0.09317709133028984,0.18651587453334223,4.163336342344337e-20,0.0,0.06260147339975759,0.12447853760909294,0.32666884078081687,0.3430040325858588,0.33424693895786567,0.34423659567927156,0.343303123043156,0.34116141985922765,0.34696447750416154,0.3408478508597818,0.3342917463297245,0.34134235898449866,0.35196114228572556,0.3420560178057842,0.3435029622760969,0.36588258331350715,0.3747724868842261,0.344752068707928,0.3455626952824056,0.35755521364874515,0.3603966056135483,0.36292465406605984,0.35655454122562125],[0.3818015011029302,0.3521647059864696,0.3503332434679981,0.3716660194695404,0.35506218116521926,0.35879887006997874,0.36811714466533735,0.3279813101029406,0.31937470562050885,0.3269659392768387,0.34442912606151443,0.3416720577007097,0.3401841447674558,0.1835247046168313,0.09352159349698165,0.3033223838463938,0.0806675396737578,0.40286536163209063,0.3269366176920412,0.031684052336189074,0.05372053026997004,-8.932379947778013e-22,0.1941189467906952,0.05490512523831214,0.0621180534362793,0.031059026718139652,0.06260147339975759,0.0,0.0,0.19714438440631735,0.2126090158143522,0.203941227917395,0.21384759204321008,0.2129980039406049,0.21103899808803225,0.21678638332216874,0.21373095287233343,0.20584344170416036,0.2143418389280623,0.2225813583245309,0.21406784884630756,0.21749609411434911,0.2418347582261704,0.2495042700391142,0.21956576947467338,0.22106649216482524,0.2334441191254488,0.2362032093262614,0.23907247258717695,0.23272271235576805],[0.39179761396874424,0.36191507706393555,0.3600126052658338,0.381635270748874,0.3648572462566189,0.36845532039720535,0.37772031566641145,0.3377528230026576,0.32904848074930115,0.33660137159029246,0.3539552417846441,0.35120706162835036,0.34971072571020734,0.2042362816436424,0.1330853885718524,0.31120763969687176,0.13005429461681942,0.4074496211591633,0.33396411451138347,0.0899765634840761,0.09835447928149887,0.06211806833744049,0.13200089335441592,0.11672990730239954,0.0,0.09317709505558014,0.12447853760909294,0.0,0.0,0.13514381802771347,0.15242783102901902,0.1427358430608119,0.15351751469115144,0.15206364571859252,0.14941677977032453,0.1569631536364848,0.15768341213142165,0.14890393717256076,0.15846212793729983,0.16351685267419122,0.15767092620738649,0.16222181307296288,0.18766729769729054,0.1946588707599229,0.16481248633370207,0.16677969198332712,0.1793237158231785,0.18204333451250582,0.18509110197215872,0.17879372394093082],[0.4780118362546602,0.4467188932056311,0.44430213898822307,0.4687201889244924,0.45016762041899894,0.45330232666319475,0.4619517366405283,0.4198595090139264,0.40792406034466877,0.4120557168528663,0.43295013396716453,0.4407446598379565,0.43089998491500997,0.32884669076319023,0.29421091267427135,0.38909466423064115,0.3140547581064484,0.45701763954383534,0.4017073775782335,0.2844842376071468,0.28253940204868105,0.25930458022538055,-0.0009552165865898132,0.31807996302487407,0.014726338629950918,0.2900470902007095,0.32666884078081687,0.19714438440631735,0.13514381802771347,0.0,0.0,9.474414405422837e-36,0.0,0.0,-1.1796119636642287e-19,0.00996400500671741,0.03599286637644262,0.021980069804217857,0.03748025995870625,0.024707949335595274,0.038078147654188425,0.04641539394852038,0.08417779301136105,0.08585017820454366,0.05353964714474699,0.05994747030700436,0.07527616129086358,0.07748063973720143,0.08262576902891358,0.07640162468394034],[0.49547641558248245,0.4648014961746878,0.46222797427816265,0.4870166450871794,0.4683792350896305,0.4710563784778887,0.47993166824117933,0.43685336393644003,0.423703023373133,0.426631801643347,0.4497771286507912,0.4593486236952337,0.4483563940452055,0.33593732481456984,0.3022070708933779,0.39661806192725435,0.321638088847736,0.4681919972691472,0.4088106237135309,0.29601688606236115,0.2902257388976972,0.2739336626491904,0.007676641903421536,0.3343329165974426,0.04139548042351855,0.30173664404668843,0.3430040325858588,0.2126090158143522,0.15242783102901902,0.0,0.0,0.028252337127923965,0.06481418758630753,4.246058022304488e-37,0.014957118779420853,0.08142134547233582,0.08973086252808571,0.08973086252808571,0.08973086252808571,0.08973086252808571,0.10468799248337746,0.08937941130386741,0.11883729643528375,0.12758165744988156,0.09109044930306885,0.09342721634215886,0.10823859525783255,0.1107535538010104,0.11519216618577313,0.10732739275040157],[0.485559428345898,0.4543048512606048,0.4519154636935047,0.47625305384667305,0.4577456800394078,0.4608865789140317,0.46961255501331817,0.42700172930776853,0.41455063778007845,0.41785616463377206,0.4398481047942614,0.44897494850132447,0.43834031808583257,0.32833211845177523,0.2951486641516854,0.3881750171327651,0.3144399399357993,0.459565658882921,0.3993794681529679,0.2891154964508412,0.2833650788219922,0.26570921331911374,0.0073542967438697815,0.32546640731889787,0.026064874635479802,0.2949794890412564,0.33424693895786567,0.203941227917395,0.1427358430608119,9.474414405422837e-36,0.028252337127923965,0.0,-3.469446951953614e-20,0.013295218348503113,1.7347234759768113e-21,0.01660715788602829,0.024916674941778183,0.024916674941778183,0.024916674941778183,0.024916674941778183,0.03987380489706993,0.02552153307392603,0.062392442194818216,0.06668952590989193,0.030840338365572838,0.036984358752687754,0.052853748777234526,0.05508388311960036,0.06035885810138293,0.05372341425816964],[0.49511639482337044,0.46362806761182235,0.4614713967651046,0.48535123052150325,0.46690676189909525,0.4706685077949161,0.4794596264873703,0.43577520687499727,0.4228946372642269,0.42594676179427815,0.44890506941326314,0.45856804488445696,0.4476996128024523,0.33621648640969354,0.30303753042965076,0.3965435298918502,0.3222600938659581,0.46672702977511965,0.40818936896758395,0.2971356313314377,0.2912763012917005,0.2751852383944853,0.0075002488574921295,0.3355458245327154,0.03990335788172222,0.30298035171225896,0.34423659567927156,0.21384759204321008,0.15351751469115144,0.0,0.06481418758630753,-3.469446951953614e-20,0.0,0.04985706880688667,0.03656185045838356,-0.00001186504960060164,0.008297652006149292,0.008297652006149292,0.008297652006149292,0.008297652006149292,0.02325478196144104,0.011623790054170738,0.052469408452897465,0.053957714796409095,0.021301158366860563,0.029706810521755847,0.044069758308318135,0.04616981053948987,0.051381976246326004,0.046056824411398155],[0.4946003793225371,0.4639427253856813,0.46139887567624915,0.4860577730781462,0.46749569142456643,0.47018597236715964,0.4789794245072781,0.4361907578032951,0.4233870736425581,0.4264502879921167,0.4491418436854094,0.458112823518848,0.44766537923111077,0.3363310409303209,0.3028681543541281,0.39641987801740286,