(full_convex_hulls:(averages:[[0.0,-0.00004071951466638273,0.004101456851497455,0.24964692668429395,0.4204735985919402,0.42554395861153727,0.44829213200572504],[-0.00004071951466638273,0.0,0.000150079643726349,0.21841427416081144,0.3894946668976214,0.3947119603267552,0.4181893744915257],[0.004101456851497455,0.000150079643726349,0.0,0.000000048738718037427686,0.20237450233585846,0.20615852186459319,0.22464456259622648],[0.24964692668429395,0.21841427416081144,0.000000048738718037427686,0.0,-0.001411048870139519,0.006025719333826313,0.04102969817063333],[0.4204735985919402,0.3894946668976214,0.20237450233585846,-0.001411048870139519,0.0,0.0016500391066074374,0.01389677320021757],[0.42554395861153727,0.3947119603267552,0.20615852186459319,0.006025719333826313,0.0016500391066074374,0.0,-0.000174999237060547],[0.44829213200572504,0.4181893744915257,0.22464456259622648,0.04102969817063333,0.01389677320021757,-0.000174999237060547,0.0]],maximums:[[0.0,-0.000040697811005274344,0.013098538553051209,0.4322199338239042,0.8316362834995984,0.8880554344863804,0.9163281149704878],[-0.000040697811005274344,0.0,0.00015007964372656946,0.30882535990563253,0.7186787025217829,0.7937144229654016,0.8274877252650675],[0.013098538553051209,0.00015007964372656946,0.0,0.000000048738718283480864,0.2953501798081185,0.38225272167807556,0.40663777082567903],[0.4322199338239042,0.30882535990563253,0.000000048738718283480864,0.0,-0.001409851159241407,0.014330168208598006,0.094914128739179],[0.8316362834995984,0.7186787025217829,0.2953501798081185,-0.001409851159241407,0.0,0.0016500391066074996,0.013951994625210799],[0.8880554344863804,0.7937144229654016,0.38225272167807556,0.014330168208598006,0.0016500391066074996,0.0,-0.00017499923706043585],[0.9163281149704878,0.8274877252650675,0.40663777082567903,0.094914128739179,0.013951994625210799,-0.00017499923706043585,0.0]],minimums:[[0.0,-0.000040721813201909096,-0.039470435925272516,-0.0959367929390151,-0.037945615003082994,-0.026007452897303402,-0.034066395540697986],[-0.000040721813201909096,0.0,0.00015007964372618088,-0.07659068878815709,-0.006849938577413672,-0.024927736483327217,-0.04901691945408011],[-0.039470435925272516,0.00015007964372618088,0.0,0.0000000487387177838805,-0.07785366444587716,-0.09794795563064516,-0.091831761490045],[-0.0959367929390151,-0.07659068878815709,0.0000000487387177838805,0.0,-0.0014117770989544396,-0.020433878688710976,-0.04442682692357607],[-0.037945615003082994,-0.006849938577413672,-0.07785366444587716,-0.0014117770989544396,0.0,0.0016500391066073608,0.013843314610041178],[-0.026007452897303402,-0.024927736483327217,-0.09794795563064516,-0.020433878688710976,0.0016500391066073608,0.0,-0.0001749992370606579],[-0.034066395540697986,-0.04901691945408011,-0.091831761490045,-0.04442682692357607,0.013843314610041178,-0.0001749992370606579,0.0]]),full_obbs:(averages:[[0.0,-0.000040721813201902144,-0.015154092853313861,0.21059995120196548,0.3963735925833952,0.4018949683058921,0.4239780160906026],[-0.000040721813201902144,0.0,0.00015007964372634733,0.19700520165245228,0.37853091758391555,0.38135029888497374,0.4037311106308852],[-0.015154092853313861,0.00015007964372634733,0.0,0.00000004873871803234841,0.19060109124681457,0.18818794544528117,0.20870177859406805],[0.21059995120196548,0.19700520165245228,0.00000004873871803234841,0.0,-0.006999969482421874,-0.013151410723027274,0.019475164800569978],[0.3963735925833952,0.37853091758391555,0.19060109124681457,-0.006999969482421874,0.0,0.0016500391066074415,0.003182190865069983],[0.4018949683058921,0.38135029888497374,0.18818794544528117,-0.013151410723027274,0.0016500391066074415,0.0,-0.00017499923706054379],[0.4239780160906026,0.4037311106308852,0.20870177859406805,0.019475164800569978,0.003182190865069983,-0.00017499923706054379,0.0]],maximums:[[0.0,-0.00004072181320189869,0.005591458615967291,0.42840968801070106,0.8286237058805221,0.9134783458805869,0.9084952607648595],[-0.00004072181320189869,0.0,0.0001500796437266111,0.3064314800098391,0.7157550459484199,0.7933205703693028,0.8094677178249493],[0.005591458615967291,0.0001500796437266111,0.0,0.00000004873871829735865,0.2923064091005312,0.3802315387907875,0.4061652312980668],[0.42840968801070106,0.3064314800098391,0.00000004873871829735865,0.0,-0.0069999694824215974,0.010214587251475768,0.08616310041657771],[0.8286237058805221,0.7157550459484199,0.2923064091005312,-0.0069999694824215974,0.0,0.0016500391066077147,0.012748664220057469],[0.9134783458805869,0.7933205703693028,0.3802315387907875,0.010214587251475768,0.0016500391066077147,0.0,-0.00017499923706032483],[0.9084952607648595,0.8094677178249493,0.4061652312980668,0.08616310041657771,0.012748664220057469,-0.00017499923706032483,0.0]],minimums:[[0.0,-0.00004072181320190563,-0.06156961695665829,-0.11502856573783768,-0.06714727960241644,-0.04719377305571559,-0.042249403967659485],[-0.00004072181320190563,0.0,0.00015007964372612537,-0.0968854135018668,-0.006849938577413728,-0.030412057360868827,-0.05495259773722441],[-0.06156961695665829,0.00015007964372612537,0.0,0.0000000487387176728582,-0.07785366444587713,-0.10728119522890728,-0.10433848935130677],[-0.11502856573783768,-0.0968854135018668,0.0000000487387176728582,0.0,-0.0069999694824221526,-0.030589709624554748,-0.06098272158179886],[-0.06714727960241644,-0.006849938577413728,-0.07785366444587713,-0.0069999694824221526,0.0,0.0016500391066071596,-0.009903700620127881],[-0.04719377305571559,-0.030412057360868827,-0.10728119522890728,-0.030589709624554748,0.0016500391066071596,0.0,-0.00017499923706076892],[-0.042249403967659485,-0.05495259773722441,-0.10433848935130677,-0.06098272158179886,-0.009903700620127881,-0.00017499923706076892,0.0]]),full_bounding_spheres:(averages:[[0.0,-0.11130919915255857,-0.10928061248244267,0.07533883525546424,0.33890527137834414,0.34233238644892416,0.39424627206385976],[-0.11130919915255857,0.0,-0.13529831711807158,0.04412384942312501,0.3096214431300923,0.3122163261907518,0.36466697155340694],[-0.10928061248244267,-0.13529831711807158,0.0,-0.23079077572194254,0.03496776022665482,0.037556455164360965,0.09323567643033627],[0.07533883525546424,0.04412384942312501,-0.23079077572194254,0.0,-0.14725411287668058,-0.1378126840228528,-0.08309147935933804],[0.33890527137834414,0.3096214431300923,0.03496776022665482,-0.14725411287668058,0.0,-0.05265360707761333,0.0062405393195523315],[0.34233238644892416,0.3122163261907518,0.037556455164360965,-0.1378126840228528,-0.05265360707761333,0.0,-0.03648235546184303],[0.39424627206385976,0.36466697155340694,0.09323567643033627,-0.08309147935933804,0.0062405393195523315,-0.03648235546184303,0.0]],maximums:[[0.0,-0.11085642821949965,-0.05088174834901443,0.3296258446738703,0.7388712668326213,0.780622070806686,0.8473572184575082],[-0.11085642821949965,0.0,-0.10180201672883055,0.27071099809198307,0.6816772472816539,0.7247365847738865,0.7957637137235622],[-0.05088174834901443,-0.10180201672883055,0.0,-0.1086341401150937,0.25966209568264376,0.3184283389937257,0.3861534309066096],[0.3296258446738703,0.27071099809198307,-0.1086341401150937,0.0,-0.11189753893333049,-0.04625619327426661,0.021025769593666588],[0.7388712668326213,0.6816772472816539,0.25966209568264376,-0.11189753893333049,0.0,-0.05177860271756479,0.01290387948684582],[0.780622070806686,0.7247365847738865,0.3184283389937257,-0.04625619327426661,-0.05177860271756479,0.0,-0.03635516945224665],[0.8473572184575082,0.7957637137235622,0.3861534309066096,0.021025769593666588,0.01290387948684582,-0.03635516945224665,0.0]],minimums:[[0.0,-0.11184779481623695,-0.1746689332891446,-0.23129138012182685,-0.09916422342479314,-0.13295624019090813,-0.10117047043711205],[-0.11184779481623695,0.0,-0.17083455372810102,-0.22840080525976666,-0.10830674339769947,-0.15315855907951378,-0.11380112949007888],[-0.1746689332891446,-0.17083455372810102,0.0,-0.37779439768141987,-0.2409684239577442,-0.30009116957228293,-0.2507381533043244],[-0.23129138012182685,-0.22840080525976666,-0.37779439768141987,0.0,-0.18851506145967478,-0.25808863692134143,-0.22039389685998734],[-0.09916422342479314,-0.10830674339769947,-0.2409684239577442,-0.18851506145967478,0.0,-0.05347715156189364,-0.0007979066533899126],[-0.13295624019090813,-0.15315855907951378,-0.30009116957228293,-0.25808863692134143,-0.05347715156189364,0.0,-0.036606207733698576],[-0.10117047043711205,-0.11380112949007888,-0.2507381533043244,-0.22039389685998734,-0.0007979066533899126,-0.036606207733698576,0.0]]),decomposition_convex_hulls:(averages:[[0.0,0.0,0.0,0.05993226870579906,0.017704294592641823,0.027734526129798345,0.03552801498076263,0.017722863271125718,0.05905357788933251,0.07247921031887238,0.08080803039941185,0.10779160724574711,0.1066938332582692,0.13714882218781224,0.23373680204929637,0.11711739381496063,0.34731715248306294,0.09683069568632334,0.0812634323039311,0.36487748486295213,0.36895122437204825,0.3905091027964103,0.46934700606446744,0.39990169496649197,0.40646338784064023,0.36015345243398433,0.4048765464929172,0.38720828269110236,0.39860607702715095,0.48973480839546046,0.5046507750937367,0.4970184688074692,0.5079685516655258,0.5042487708219096,0.5025689728484402,0.5113449124334052,0.5118610964599389,0.5031777318794732,0.5107435351848348,0.5185458605543182,0.5119383910519061,0.5130631445726911,0.5354383257531451,0.5452848315244566,0.5144240943024765,0.5152964734776695,0.5268243334576207,0.52891698800825,0.5322115301999006,0.525598404826144],[0.0,0.0,0.0,0.03492681868374348,0.0,0.034926820546388626,0.03492682054638863,-0.0018419946674108607,0.007244803562856132,0.021232430791599245,0.07031926027128134,0.09154792006122736,0.09154315971398266,0.094220890992632,0.19716130756834785,0.07327989909715604,0.3144046632586167,0.048531774272220836,0.03136590015749069,0.3318886230018117,0.33573375820918067,0.35937710953655266,0.43662356983320577,0.36866047200910895,0.3736725834599866,0.32886080606030277,0.3734504009694539,0.3558551292999538,0.366853218181604,0.45489575729781045,0.4697428945643862,0.46242035785255475,0.47319393515692915,0.4697283864196915,0.4681389918865124,0.4765380695805487,0.4766108363947694,0.46813354895828224,0.47571038026124596,0.48361608668133,0.4769145947670955,0.4780603503605552,0.5003412978672589,0.5101354895763708,0.47944486494050753,0.48031051928753665,0.4917656190827768,0.4938179028380972,0.4970795481772099,0.4905616285295591],[0.0,0.0,0.0,0.05821136385202408,0.023284545168280605,0.0,0.0,-0.0018419946674108607,0.004971927855664129,0.01856580666779152,0.07031926027128134,0.0915438056012644,0.09154315971398266,0.09091485555402457,0.19446061448137925,0.07000318809742534,0.31204008740276457,0.04601821950197586,0.028495091156400525,0.3294927968147995,0.33328458631526553,0.35737414043544297,0.4344496030460435,0.3664377481164614,0.3713927375951188,0.3267835591666166,0.37136391896627124,0.35378611072661775,0.36476251240692104,0.4524490179664485,0.46723475060476194,0.45994614469102474,0.4708336111630038,0.4672711455998471,0.46567778629154,0.4742098693550864,0.47424449660938606,0.4658677040731969,0.473477556059257,0.48124629285944637,0.47455457362762676,0.47585160521171793,0.49819514554261873,0.507957480712496,0.47723411534172466,0.4781080569411686,0.48956786292072085,0.4916051571640159,0.4949092037707413,0.4883408508395616],[0.05993226870579906,0.03492681868374348,0.05821136385202408,0.0,0.0,0.0931381843984127,0.0931381843984127,0.005188197016767169,0.03787134108172498,0.052163808787345084,0.0762672884662349,0.10071631282666176,0.09969535834934103,0.11921333805591833,0.21943738858425263,0.09908241330019958,0.33490670686854535,0.07675265842231026,0.06025827928322801,0.35230766003723957,0.35630712148739313,0.37890578403122016,0.4569408924618149,0.38852961921092566,0.39427093386305606,0.3484667923570165,0.39296467436356475,0.37552877853148586,0.3866763615699713,0.4761684368715449,0.49109795579584153,0.48375187323557145,0.4945333191009319,0.4909539133073698,0.48936006758027273,0.49793603531942987,0.4979514608708811,0.4894346003370444,0.49707538870505996,0.5049898157359363,0.4982072969426693,0.49941882759225215,0.5215857144823549,0.5315291503489703,0.5007923231466996,0.5016957963973588,0.5131421242459413,0.5153424103038166,0.5184013548124587,0.5120167581282772],[0.017704294592641823,0.0,0.023284545168280605,0.0,0.0,0.05821136571466923,0.05821136571466923,-0.001841994667410861,0.014118798248968119,0.02650208641898627,0.07031926027128134,0.09184642904266821,0.09164104595892923,0.09773867823633003,0.20053752365345814,0.0772746556031059,0.3174554431076797,0.05326434744148021,0.03600650347305681,0.33488869515104097,0.33871904688250715,0.36237145059285547,0.43986850594994936,0.3717402088545643,0.3770348966948734,0.33186049496896214,0.3763907342854856,0.35889868379257317,0.3699659979836317,0.45816207472658194,0.4730939840868032,0.46578183442187315,0.4765397275072458,0.47304175754815664,0.4714525343480711,0.47991149112417447,0.47994254043516615,0.4713730804753307,0.4788815236541635,0.48696429408523534,0.480204332664745,0.48120736253337393,0.5034401631438551,0.5133129146405409,0.4825885047082388,0.48347605735274185,0.49493077598476204,0.4970900135507918,0.5002191934652556,0.4937752748047652],[0.027734526129798345,0.034926820546388626,0.0,0.0931381843984127,0.05821136571466923,0.0,0.0,0.003979142090320576,0.02124799241899122,0.03479447205676158,0.07614039702901237,0.09798616440767573,0.09760024774145236,0.10123003207566661,0.20335324362455515,0.08156356470447758,0.32019961790596113,0.06085333357308632,0.0426959212033008,0.3375872947541611,0.34132776480584875,0.36545274465768823,0.4425683888139408,0.3744236673566207,0.3796058673581559,0.3348514759886891,0.3794634652710741,0.36184935517539396,0.3728641205357406,0.4610498954110433,0.47574454079180223,0.4685571474939873,0.47953390035199794,0.4758206270835646,0.4742700770717939,0.48294502753071117,0.48288822951453697,0.4746555885918884,0.4822988712298088,0.48995549350153916,0.483218120286317,0.4846686178326013,0.5071564765487359,0.5169163897502885,0.4860731084027378,0.48698934778554637,0.49851094250593114,0.5005325336288385,0.5038877631466181,0.49726585181007443],[0.03552801498076263,0.03492682054638863,0.0,0.0931381843984127,0.05821136571466923,0.0,0.0,-0.001841994667410861,0.017599602118678708,0.030808279696296122,0.07031926027128134,0.09220265302740506,0.09179372381036793,0.10640892127499449,0.21216927363399643,0.08341890192310018,0.33000340150007185,0.059564484881331835,0.041586497105805004,0.3477200158007682,0.35179942588224933,0.37473437148899547,0.45118776257523985,0.3837369161429008,0.3885562427908393,0.34420117743862294,0.38882472683245495,0.3711463272074777,0.3821054231683044,0.46974543466126983,0.48466337512644264,0.4773614333686489,0.48844440784960597,0.4846648376208952,0.48299796362998343,0.4918755493189307,0.4921425868602423,0.4838642541392893,0.49158844803190377,0.499025030608036,0.49249996710626,0.4939940046122616,0.5164577480622086,0.5262121981906855,0.49541372377399095,0.49632349781589175,0.5078201172362808,0.5098705982752185,0.5131911220885772,0.5066060535759158],[0.017722863271125718,-0.0018419946674108607,-0.0018419946674108607,0.005188197016767169,-0.001841994667410861,0.003979142090320576,-0.001841994667410861,0.0,0.0,0.014856729656457901,0.0,0.021223899442702532,0.021223899442702532,0.05556930225558606,0.16487653741083264,0.03090556221814213,0.2872746211217443,0.023246132754689636,0.022896463787555915,0.3054219569415553,0.30871752599524216,0.3342209052730075,0.41030201510725517,0.3424854545933,0.3480817941630455,0.30308055216054414,0.34766785104326886,0.33072849321071035,0.34176173691543515,0.4274831873589875,0.44118464598505497,0.4347667711750026,0.4452842013536095,0.44137687168225553,0.4401389315321458,0.4486281704045403,0.4491196677035297,0.44100143007927095,0.4489262907692082,0.45590628812664286,0.4495434097630495,0.4514060711199531,0.47381325226303417,0.48348616853255144,0.45287989554357533,0.45383258703570034,0.4652639877422256,0.4674180714203166,0.4706011933760843,0.4641542824234976],[0.05905357788933251,0.007244803562856132,0.004971927855664129,0.03787134108172498,0.014118798248968119,0.02124799241899122,0.017599602118678708,0.0,0.0,0.0,0.0,0.048814968205988414,0.0,0.034709289166406705,0.14963242789645737,0.008039734131097662,0.27495018197321497,0.008039734131097667,0.008039734131097664,0.2930021399239393,0.2954892966519488,0.3252800115493289,0.4028953693365515,0.3321886842499585,0.33884658587984884,0.2926433555000964,0.3372891523890965,0.3219079593680929,0.3329628961836963,0.41515338323691914,0.42766159673450865,0.42186188740770264,0.43192274690876536,0.42810346624026185,0.4274328719476439,0.43522972312018166,0.43558439530468873,0.4274466631871881,0.43537872283214546,0.44251546538560904,0.43603187887142475,0.4379687870823535,0.4610158855748658,0.470419604330441,0.43957751200946105,0.44073892643878476,0.4524114439039057,0.4544849908787152,0.4578554764163616,0.4513410505216564],[0.07247921031887238,0.021232430791599245,0.01856580666779152,0.052163808787345084,0.02650208641898627,0.03479447205676158,0.030808279696296122,0.014856729656457901,0.0,0.0,0.0148567296564579,0.06367169786244631,0.014856729656457901,0.02899259311864513,0.15323239104245778,-0.0031705080750870887,0.2809758020304672,-0.004694600784778622,-0.004694600784778623,0.2985995837951199,0.30003456338493645,0.333296120135952,0.4110334841690454,0.339249371988699,0.3467924907634698,0.2998021769288706,0.344382504115866,0.32978458461141613,0.3408319181928179,0.41982908422980053,0.43105814093564065,0.42571360292411936,0.43536467576965737,0.43168691862547104,0.4316059971757457,0.4387109104940196,0.4390244500979882,0.4307587711857958,0.4386567119137275,0.4460284010864168,0.43954956466834344,0.44134169008345064,0.4648618724249504,0.47398603376202947,0.44313383946478385,0.44446620434670664,0.45623272771838425,0.45827230761135956,0.46173522763384894,0.45518667560844017],[0.08080803039941185,0.07031926027128134,0.07031926027128134,0.0762672884662349,0.07031926027128134,0.07614039702901237,0.07031926027128134,0.0,0.0,0.0148567296564579,0.0,0.0,0.0,0.06472029401231935,0.1788031775991693,0.037109570114264544,0.30217127634605306,0.024073265823658818,0.02289646378755591,0.320107504373916,0.3229796879797168,0.3509885593001376,0.4269630628081745,0.35873144995112544,0.3649176681927952,0.31929922526860216,0.36393509258306483,0.3474594849008717,0.3584302045553539,0.44202660868224297,0.45536666902840617,0.4490551466993131,0.4595773721025175,0.4556919174204588,0.45461644502404247,0.4630648058207091,0.4635153441445712,0.45546010585870284,0.4634495310365271,0.4704032436077604,0.46409755527953744,0.46602297908780715,0.48855037484904734,0.49820355352580514,0.4675451676310708,0.46855584212101736,0.4800604405710694,0.48222104752371664,0.4853868763017152,0.47896830818507863],[0.10779160724574711,0.09154792006122736,0.0915438056012644,0.10071631282666176,0.09184642904266821,0.09798616440767573,0.09220265302740506,0.021223899442702532,0.048814968205988414,0.06367169786244631,0.0,0.0,0.0,0.10607783609483595,0.19383251075590638,0.08361469217513356,0.30729803080791396,0.0739031205298291,0.07172085934479835,0.32580985833743054,0.331297920276816,0.34817630334864963,0.4249659541925907,0.3577268293323257,0.36243415284000513,0.3182908612502937,0.3629300817181578,0.3446227393595354,0.3557020897341686,0.4496282666759825,0.4648817306622854,0.4578828535317566,0.46908863224069663,0.4646412618103245,0.4625719874795223,0.47246170935262594,0.4735827518736695,0.4656075650241071,0.47368342608846903,0.480085312319005,0.47394867929507967,0.4761251723111139,0.4980854187749937,0.5078035266207427,0.4775076538089596,0.47836653425591935,0.4896938662038097,0.49172047506054106,0.4949277490778493,0.4884637506338948],[0.1066938332582692,0.09154315971398266,0.09154315971398266,0.09969535834934103,0.09164104595892923,0.09760024774145236,0.09179372381036793,0.021223899442702532,0.0,0.014856729656457901,0.0,0.0,0.0,0.06795473177456392,0.17866136637290722,0.043555191024153936,0.2998926657506386,0.027988159937115734,0.02292736184471479,0.3179909856241449,0.3216390980922795,0.3466319855510254,0.42307746816913816,0.3546520816592988,0.3609729816675486,0.3154006353877611,0.3600653890936564,0.3431421343213101,0.35420720842366415,0.4401724432893654,0.4540602895041526,0.447618060744952,0.45848442134428535,0.45433883827675947,0.45290719619968484,0.4619555429591896,0.46241446729160607,0.4544060343936161,0.4623881546364315,0.46932214929401805,0.46304225379914915,0.46489368292646294,0.4872559133276829,0.4970214763774082,0.4663410993804661,0.46726317603967915,0.47878876377653756,0.4808944206261943,0.4841143105081796,0.47760194539283196],[0.13714882218781224,0.094220890992632,0.09091485555402457,0.11921333805591833,0.09773867823633003,0.10123003207566661,0.10640892127499449,0.05556930225558606,0.034709289166406705,0.02899259311864513,0.06472029401231935,0.10607783609483595,0.06795473177456392,0.0,0.0,0.0,0.12952373921871185,0.10361899062991142,0.02590474858880043,0.14679355919361115,0.14679355919361115,0.18825725657134276,0.33078187257666003,0.1895252794037108,0.24170037768928995,0.15085618842965068,0.19334066615264411,0.1862130002111218,0.20801266956999037,0.33482511924054875,0.3387670513335644,0.3342153115107159,0.3432624586309078,0.33978583865535694,0.340775584774229,0.3464549575570603,0.34554949486393555,0.33662689595014944,0.3438397124306754,0.3531483707744285,0.3458907403708932,0.3462489549611059,0.36929689291810175,0.37920339503680367,0.3477533059426518,0.34879663145605644,0.3605847221296984,0.3628012958479274,0.36611916213572093,0.3594826961885084],[0.23373680204929637,0.19716130756834785,0.19446061448137925,0.21943738858425263,0.20053752365345814,0.20335324362455515,0.21216927363399643,0.16487653741083264,0.14963242789645737,0.15323239104245778,0.1788031775991693,0.19383251075590638,0.17866136637290722,0.0,0.0,0.12952373921871185,0.0,0.2331427298486233,0.15542848780751228,0.017269819974899292,0.017269819974899292,0.08028027548761311,0.29475688664289773,0.06676931917288283,0.18009820698857107,0.025536411627159677,0.06682866480282565,0.09546943579009591,0.13563254535174568,0.29745671191329,0.3027964209946885,0.29840991887127133,0.3072722107529786,0.3040090922775542,0.30506486936787247,0.31032617269513363,0.30753112247861253,0.29950967031342685,0.3064190106947583,0.31649014962736083,0.30835027251952607,0.3085163600339931,0.3311495805541375,0.34143798766236505,0.3097500036825341,0.31056137581970755,0.3223687007672473,0.3246516033208982,0.3278731221320374,0.32113042497098787],[0.11711739381496063,0.07327989909715604,0.07000318809742534,0.09908241330019958,0.0772746556031059,0.08156356470447758,0.08341890192310018,0.03090556221814213,0.008039734131097662,-0.0031705080750870887,0.037109570114264544,0.08361469217513356,0.043555191024153936,0.0,0.12952373921871185,0.0,0.2590474784374237,0.07771424204111099,0.0000000000000000000971445146547012,0.276317298412323,0.276317298412323,0.3115949200153806,0.3917646917214249,0.31658485094991434,0.32444919632743197,0.2782027167858566,0.3215874696864797,0.3061780413391199,0.3154136372510178,0.3969735807307599,0.401152637149272,0.3961030157397054,0.4056654911156953,0.4017259357177682,0.4026244428508453,0.4095822293794866,0.41013300810584696,0.4015988783027943,0.4087605035716719,0.41683484225002226,0.41116305953668775,0.4111383826346998,0.4340900362575114,0.4442540149445262,0.4125916957129243,0.41359135518848134,0.4253376523723076,0.4275080073771741,0.430797034546361,0.42416458636536536],[0.34731715248306294,0.3144046632586167,0.31204008740276457,0.33490670686854535,0.3174554431076797,0.32019961790596113,0.33000340150007185,0.2872746211217443,0.27495018197321497,0.2809758020304672,0.30217127634605306,0.30729803080791396,0.2998926657506386,0.12952373921871185,0.0,0.2590474784374237,0.0,0.3626664690673351,0.28495222702622414,0.0,0.0,0.06730502717184675,0.31436569975930906,0.05029083684444573,0.19033216639887343,0.008324374962803109,0.04994722841892854,0.0824169835957431,0.13209748492634718,0.31631933971776455,0.3218245696316266,0.3168628464801917,0.3254280900907569,0.3228659745841895,0.3237425482072461,0.3283884070598579,0.32499192216648787,0.3173587288530043,0.3243524281880876,0.334398987520921,0.3259167848634368,0.3265189349485572,0.3492496700097298,0.3595421901636457,0.32779507653286244,0.32858490237093047,0.3404540558825311,0.34266999115912283,0.34595970735175746,0.3391540214203805],[0.09683069568632334,0.048531774272220836,0.04601821950197586,0.07675265842231026,0.05326434744148021,0.06085333357308632,0.059564484881331835,0.023246132754689636,0.008039734131097667,-0.004694600784778622,0.024073265823658818,0.0739031205298291,0.027988159937115734,0.10361899062991142,0.2331427298486233,0.07771424204111099,0.3626664690673351,0.0,0.00000000000000000028102520310824276,0.3799362890422344,0.3799362890422344,0.4123667173671661,0.45896270801846556,0.419398738369448,0.40846392852804214,0.38098448476811037,0.4243422392034564,0.4058010019950264,0.4118402787415113,0.4657792805919837,0.4733749560124646,0.46859130304026314,0.4774253914713791,0.474371711361105,0.4753256428616971,0.48045599539371286,0.47826624573036364,0.47072828956352486,0.4776742996544971,0.48652960382974597,0.47961344384546833,0.4796821647435869,0.5017558993137783,0.5117963528126844,0.4808083685279427,0.4814901737530776,0.4929812089842057,0.49501289606969007,0.49835221409573216,0.49157992275731693],[0.0812634323039311,0.03136590015749069,0.028495091156400525,0.06025827928322801,0.03600650347305681,0.0426959212033008,0.041586497105805004,0.022896463787555915,0.008039734131097664,-0.004694600784778623,0.02289646378755591,0.07172085934479835,0.02292736184471479,0.02590474858880043,0.15542848780751228,0.0000000000000000000971445146547012,0.28495222702622414,0.00000000000000000028102520310824276,0.0,0.30222204700112343,0.30222204700112343,0.33512768105627877,0.40425301913673256,0.3416500845182682,0.34174207678759655,0.303352234905632,0.3467641334476255,0.32979231660059216,0.3381993059345912,0.40964542927192255,0.4140130207224581,0.4080672513012316,0.4179540190935742,0.41424228246481964,0.414735883270322,0.4216874367290221,0.42146144805457564,0.41324938587984844,0.42030056787744263,0.42860783222426224,0.42260572127300555,0.4225596070534937,0.44510364287750515,0.45524649246219046,0.42391519204224004,0.42482914113754977,0.4363889852252435,0.43852716866762037,0.44177381440492375,0.4351577461522153],[0.36487748486295213,0.3318886230018117,0.3294927968147995,0.35230766003723957,0.33488869515104097,0.3375872947541611,0.3477200158007682,0.3054219569415553,0.2930021399239393,0.2985995837951199,0.320107504373916,0.32580985833743054,0.3179909856241449,0.14679355919361115,0.017269819974899292,0.276317298412323,0.0,0.3799362890422344,0.30222204700112343,0.0,-0.000000000000000000006938893903907232,0.01099212514039408,0.28213314284749785,-0.005206461685895974,0.15349650945937976,-0.005206461685895974,-0.005206461685895973,0.03179552034367933,0.09004511827937553,0.284440225951213,0.294372521757235,0.2895147594343005,0.2982536815477512,0.29564597556947947,0.2964565754814787,0.3011793719544743,0.2975464196575558,0.2898549235166099,0.2970413012442173,0.3071180619056778,0.29836865038313454,0.2994069169829047,0.32288515879768837,0.33279507760042454,0.3008951560839925,0.3018979951504819,0.31409542248958194,0.3162833860914517,0.31970402961525174,0.31281330746426544],[0.36895122437204825,0.33573375820918067,0.33328458631526553,0.35630712148739313,0.33871904688250715,0.34132776480584875,0.35179942588224933,0.30871752599524216,0.2954892966519488,0.30003456338493645,0.3229796879797168,0.331297920276816,0.3216390980922795,0.14679355919361115,0.017269819974899292,0.276317298412323,0.0,0.3799362890422344,0.30222204700112343,-0.000000000000000000006938893903907232,0.0,0.04504342978947648,0.28170673795434187,0.029333200615645073,0.15960685668318902,0.02933320061564506,0.029333200615645053,0.05375867147774943,0.09847413811291456,0.2825302107330769,0.2885766799693441,0.2837084199066247,0.2922875022696308,0.2896907228296717,0.29061347755321765,0.2952028261435043,0.29124268592572433,0.2838792517737705,0.29080095679411605,0.3010002531300984,0.2922918810931671,0.2929069975994753,0.31559348635495527,0.3259076770574182,0.29413260738183256,0.29487384599742616,0.3068121804568416,0.30897471099899687,0.31230317357531007,0.30543032392116143],[0.3905091027964103,0.35937710953655266,0.35737414043544297,0.37890578403122016,0.36237145059285547,0.36545274465768823,0.37473437148899547,0.3342209052730075,0.3252800115493289,0.333296120135952,0.3509885593001376,0.34817630334864963,0.3466319855510254,0.18825725657134276,0.08028027548761311,0.3115949200153806,0.06730502717184675,0.4123667173671661,0.33512768105627877,0.01099212514039408,0.04504342978947648,0.0,0.2562370151281357,0.02575278866553782,0.12423612177371979,0.00000000000000000002081668171172168,0.0320149155610059,-0.0000000000000000000017864759895556026,0.06211806833744049,0.2592264202610582,0.2723850612375897,0.26605885173457444,0.2761309131161989,0.2735523802126081,0.27242231557897184,0.2792277890300174,0.27636906948813517,0.2684683729970517,0.2759472105812141,0.2854157939713442,0.27696802305169277,0.2784320704990908,0.30186189164470223,0.3116845331594869,0.2799319034188333,0.280927789633092,0.2931327070280847,0.29524544910916656,0.2987247952736485,0.2917797459224684],[0.46934700606446744,0.43662356983320577,0.4344496030460435,0.4569408924618149,0.43986850594994936,0.4425683888139408,0.45118776257523985,0.41030201510725517,0.4028953693365515,0.4110334841690454,0.4269630628081745,0.4249659541925907,0.42307746816913816,0.33078187257666003,0.29475688664289773,0.3917646917214249,0.31436569975930906,0.45896270801846556,0.40425301913673256,0.28213314284749785,0.28170673795434187,0.2562370151281357,0.0,0.31068735998583835,0.0,0.28729604184627533,0.31852547255251584,0.1941189467906952,0.1320008933544159,-0.0009552165865898133,0.007644512861504143,0.0073542967438697815,0.007517082316972834,0.0073542967438697815,0.0073542967438697815,0.012076125553349778,0.03875453544455058,0.024069055724768702,0.041430009312392706,0.02746893127147044,0.03817882719252458,0.04882241750206757,0.08198422746722984,0.08710563023293397,0.05443488425356652,0.059308451524200646,0.07343432043131791,0.07618256192061225,0.08004258306500332,0.07406282033700787],[0.39990169496649197,0.36866047200910895,0.3664377481164614,0.38852961921092566,0.3717402088545643,0.3744236673566207,0.3837369161429008,0.3424854545933,0.3321886842499585,0.339249371988699,0.35873144995112544,0.3577268293323257,0.3546520816592988,0.1895252794037108,0.06676931917288283,0.31658485094991434,0.05029083684444573,0.419398738369448,0.3416500845182682,-0.005206461685895974,0.029333200615645073,0.02575278866553782,0.31068735998583835,0.0,0.17875814176084245,-0.000000000000000000006938893903907216,0.09317709133028984,0.05490512523831214,0.11672990730239954,0.3180276223574748,0.33279065616273884,0.3257406462028225,0.3363519377770331,0.3336321126319215,0.33176203637631835,0.33955356722776864,0.3372883671410773,0.32937143360268567,0.33709771405053723,0.3458154954428999,0.3378778147266663,0.339725176221284,0.36337311089153257,0.37304280159126524,0.34130927527493493,0.3423873717068137,0.3547009562458134,0.3568836074879664,0.36031707817669406,0.35341891307867673],[0.40646338784064023,0.3736725834599866,0.3713927375951188,0.39427093386305606,0.3770348966948734,0.3796058673581559,0.3885562427908393,0.3480817941630455,0.33884658587984884,0.3467924907634698,0.3649176681927952,0.36243415284000513,0.3609729816675486,0.24170037768928995,0.18009820698857107,0.32444919632743197,0.19033216639887343,0.40846392852804214,0.34174207678759655,0.15349650945937976,0.15960685668318902,0.12423612177371979,0.0,0.17875814176084245,0.0,0.15529514849185944,0.18651587453334223,0.0621180534362793,0.0,0.014729573632533747,0.04033671234999463,0.026245031947588777,0.040623858197118126,0.033251424218869716,0.029356391683502576,0.04786203644424752,0.06881085518751986,0.057498743832392805,0.07021039566589604,0.0614613072052696,0.06835287900185416,0.07528850693662614,0.10401546328955083,0.11026402373613488,0.07903641991577826,0.082305198421494,0.09567354688750072,0.09789812464331446,0.10184975633836764,0.09543407305171896],[0.36015345243398433,0.32886080606030277,0.3267835591666166,0.3484667923570165,0.33186049496896214,0.3348514759886891,0.34420117743862294,0.30308055216054414,0.2926433555000964,0.2998021769288706,0.31929922526860216,0.3182908612502937,0.3154006353877611,0.15085618842965068,0.025536411627159677,0.2782027167858566,0.008324374962803109,0.38098448476811037,0.303352234905632,-0.005206461685895974,0.02933320061564506,0.00000000000000000002081668171172168,0.28729604184627533,-0.000000000000000000006938893903907216,0.15529514849185944,0.0,0.00000000000000000007632783294297951,0.03105902671813965,0.09317709505558014,0.2899716722811375,0.300168996488333,0.29534516107097114,0.30394941011922044,0.30184592591842785,0.30209382106832217,0.30661934676654407,0.30236269692397616,0.29456906044811637,0.30175744480026456,0.3124702079889267,0.30294351679206505,0.3039987754063526,0.3268534250095807,0.33718356390295207,0.3052724986572491,0.306052035081439,0.3181041046721992,0.3202628878997819,0.3236171834696252,0.31669157992003205],[0.4048765464929172,0.3734504009694539,0.37136391896627124,0.39296467436356475,0.3763907342854856,0.3794634652710741,0.38882472683245495,0.34766785104326886,0.3372891523890965,0.344382504115866,0.36393509258306483,0.3629300817181578,0.3600653890936564,0.19334066615264411,0.06682866480282565,0.3215874696864797,0.04994722841892854,0.4243422392034564,0.3467641334476255,-0.005206461685895973,0.029333200615645053,0.0320149155610059,0.31852547255251584,0.09317709133028984,0.18651587453334223,0.00000000000000000007632783294297951,0.0,0.06260147339975759,0.12447853760909294,0.3266010825062799,0.34149887034040743,0.33457615307756966,0.3453238693876075,0.34236772406641486,0.34060093007094455,0.3485143508441943,0.34474184113070516,0.33730920217489896,0.34406427485561436,0.35440124433127546,0.34583293798746556,0.3460618119596032,0.36854230181306596,0.37914182133643903,0.34715666700951586,0.34781122215515775,0.35979875095585084,0.3619278890281362,0.3652663637464487,0.35831492477200116],[0.38720828269110236,0.3558551292999538,0.35378611072661775,0.37552877853148586,0.35889868379257317,0.36184935517539396,0.3711463272074777,0.33072849321071035,0.3219079593680929,0.32978458461141613,0.3474594849008717,0.3446227393595354,0.3431421343213101,0.1862130002111218,0.09546943579009591,0.3061780413391199,0.0824169835957431,0.4058010019950264,0.32979231660059216,0.03179552034367933,0.05375867147774943,-0.0000000000000000000017864759895556026,0.1941189467906952,0.05490512523831214,0.0621180534362793,0.03105902671813965,0.06260147339975759,0.0,0.0,0.19706608696998898,0.21108101980693175,0.20428772602152417,0.21483231265299613,0.21202229989507887,0.21040763135671794,0.21819967943542332,0.21736540162616422,0.2087537149399505,0.21700175012882975,0.22480234025141826,0.2176314651836577,0.21996003147147192,0.24448462752656366,0.2536581109557986,0.22185739696014448,0.22320892053112837,0.23571554696095828,0.23772996050984313,0.24148031539559273,0.23441818483717353],[0.39860607702715095,0.366853218181604,0.36476251240692104,0.3866763615699713,0.3699659979836317,0.3728641205357406,0.3821054231683044,0.34176173691543515,0.3329628961836963,0.3408319181928179,0.3584302045553539,0.3557020897341686,0.35420720842366415,0.20801266956999037,0.13563254535174568,0.3154136372510178,0.13209748492634718,0.4118402787415113,0.3381993059345912,0.09004511827937553,0.09847413811291456,0.06211806833744049,0.1320008933544159,0.11672990730239954,0.0,0.09317709505558014,0.12447853760909294,0.0,0.0,0.13506531477341557,0.15091960402181714,0.14305031151066214,0.15454030444928574,0.15109783273824304,0.1487794046886806,0.15838372945829585,0.16108176374332,0.15171838837276527,0.16094367966377582,0.1657248161017,0.1610298260578433,0.16450814194541383,0.19031586212749874,0.19856966684081476,0.16691898744228714,0.168740751303099,0.18152406376447935,0.1834516648858522,0.18749230938752365,0.1803730430317964],[0.48973480839546046,0.45489575729781045,0.4524490179664485,0.4761684368715449,0.45816207472658194,0.4610498954110433,0.46974543466126983,0.4274831873589875,0.41515338323691914,0.41982908422980053,0.44202660868224297,0.4496282666759825,0.4401724432893654,0.33482511924054875,0.29745671191329,0.3969735807307599,0.31631933971776455,0.4657792805919837,0.40964542927192255,0.284440225951213,0.2825302107330769,0.2592264202610582,-0.0009552165865898133,0.3180276223574748,0.014729573632533747,0.2899716722811375,0.3266010825062799,0.19706608696998898,0.13506531477341557,0.0,0.0,0.000000000000000000000000000000000004903578212198575,0.0,0.0,-0.00000000000000000004163336342344336,0.00996314234708348,0.03553026993776863,0.02202905586119014,0.0378915015449561,0.024537325507153943,0.03793346784809166,0.04687722819222103,0.0838444291303327,0.08666267243034954,0.05406100429433674,0.06052056202647863,0.07548531350052773,0.07803782115750028,0.08253290133720308,0.07686294931046644],[0.5046507750937367,0.4697428945643862,0.46723475060476194,0.49109795579584153,0.4730939840868032,0.47574454079180223,0.48466337512644264,0.44118464598505497,0.42766159673450865,0.43105814093564065,0.45536666902840617,0.4648817306622854,0.4540602895041526,0.3387670513335644,0.3027964209946885,0.401152637149272,0.3218245696316266,0.4733749560124646,0.4140130207224581,0.294372521757235,0.2885766799693441,0.2723850612375897,0.007644512861504143,0.33279065616273884,0.04033671234999463,0.300168996488333,0.34149887034040743,0.21108101980693175,0.15091960402181714,0.0,0.0,0.028252337127923965,0.06481418758630753,0.000000000000000000000000000000000001710926434511761,0.014957118779420853,0.08142134547233582,0.08973086252808571,0.08973086252808571,0.08973086252808571,0.08973086252808571,0.10468799248337746,0.0893791568617985,0.11825209926255256,0.12806736256402407,0.09110009302746652,0.09341489473336942,0.10803231675731861,0.11099006382264545,0.11480005874232797,0.10742246361534681],[0.4970184688074692,0.46242035785255475,0.45994614469102474,0.48375187323557145,0.46578183442187315,0.4685571474939873,0.4773614333686489,0.4347667711750026,0.42186188740770264,0.42571360292411936,0.4490551466993131,0.4578828535317566,0.447618060744952,0.3342153115107159,0.29840991887127133,0.3961030157397054,0.3168628464801917,0.46859130304026314,0.4080672513012316,0.2895147594343005,0.2837084199066247,0.26605885173457444,0.0073542967438697815,0.3257406462028225,0.026245031947588777,0.29534516107097114,0.33457615307756966,0.20428772602152417,0.14305031151066214,0.000000000000000000000000000000000004903578212198575,0.028252337127923965,0.0,-0.000000000000000000006938893903907229,0.013295218348503113,0.000000000000000000003469446951953612,0.01660715788602829,0.024916674941778183,0.024916674941778183,0.024916674941778183,0.024916674941778183,0.03987380489706993,0.025538320467829966,0.06188526517773534,0.06718363017108435,0.0308983551410149,0.037029670038940934,0.05274585307074841,0.055373617178986125,0.060062831526435934,0.05387552834536178],[0.5079685516655258,0.47319393515692915,0.4708336111630038,0.4945333191009319,0.4765397275072458,0.47953390035199794,0.48844440784960597,0.4452842013536095,0.43192274690876536,0.43536467576965737,0.4595773721025175,0.46908863224069663,0.45848442134428535,0.3432624586309078,0.3072722107529786,0.4056654911156953,0.3254280900907569,0.4774253914713791,0.4179540190935742,0.2982536815477512,0.2922875022696308,0.2761309131161989,0.007517082316972834,0.3363519377770331,0.040623858197118126,0.30394941011922044,0.3453238693876075,0.21483231265299613,0.15454030444928574,0.0,0.06481418758630753,-0.000000000000000000006938893903907229,0.0,0.04985706880688667,0.03656185045838356,-0.000011865049600601842,0.008297652006149292,0.008297652006149292,0.008297652006149292,0.008297652006149292,0.02325478196144104,0.011658893427724243,0.052063441993618925,0.054379820822284236,0.02134311831237800